304, 0, 1706, 5,0,0:0:0:0:
320, 0, 1706, 5,0,0:0:0:0:
384, 0, 1706, 5,0,0:0:0:0:
400, 0, 1706, 5,0,0:0:0:0:
0, 16, 1706, 5,0,0:0:0:0:
16, 16, 1706, 5,0,0:0:0:0:
32, 16, 1706, 5,0,0:0:0:0:
48, 16, 1706, 5,0,0:0:0:0:
64, 16, 1706, 5,0,0:0:0:0:
80, 16, 1706, 5,0,0:0:0:0:
96, 16, 1706, 5,0,0:0:0:0:
112, 16, 1706, 5,0,0:0:0:0:
128, 16, 1706, 5,0,0:0:0:0:
144, 16, 1706, 5,0,0:0:0:0:
160, 16, 1706, 5,0,0:0:0:0:
176, 16, 1706, 5,0,0:0:0:0:
192, 16, 1706, 5,0,0:0:0:0:
240, 16, 1706, 5,0,0:0:0:0:
256, 16, 1706, 5,0,0:0:0:0:
272, 16, 1706, 5,0,0:0:0:0:
336, 16, 1706, 5,0,0:0:0:0:
352, 16, 1706, 5,0,0:0:0:0:
416, 16, 1706, 5,0,0:0:0:0:
432, 16, 1706, 5,0,0:0:0:0:
448, 16, 1706, 5,0,0:0:0:0:
464, 16, 1706, 5,0,0:0:0:0:
512, 16, 1706, 5,0,0:0:0:0:
224, 32, 1706, 5,0,0:0:0:0:
240, 32, 1706, 5,0,0:0:0:0:
496, 32, 1706, 5,0,0:0:0:0:
512, 32, 1706, 5,0,0:0:0:0:
0, 48, 1706, 5,0,0:0:0:0:
16, 48, 1706, 5,0,0:0:0:0:
32, 48, 1706, 5,0,0:0:0:0:
48, 48, 1706, 5,0,0:0:0:0:
64, 48, 1706, 5,0,0:0:0:0:
80, 48, 1706, 5,0,0:0:0:0:
96, 48, 1706, 5,0,0:0:0:0:
112, 48, 1706, 5,0,0:0:0:0:
128, 48, 1706, 5,0,0:0:0:0:
144, 48, 1706, 5,0,0:0:0:0:
160, 48, 1706, 5,0,0:0:0:0:
176, 48, 1706, 5,0,0:0:0:0:
192, 48, 1706, 5,0,0:0:0:0:
240, 48, 1706, 5,0,0:0:0:0:
256, 48, 1706, 5,0,0:0:0:0:
272, 48, 1706, 5,0,0:0:0:0:
336, 48, 1706, 5,0,0:0:0:0:
352, 48, 1706, 5,0,0:0:0:0:
448, 48, 1706, 5,0,0:0:0:0:
464, 48, 1706, 5,0,0:0:0:0:
304, 64, 1706, 5,0,0:0:0:0:
320, 64, 1706, 5,0,0:0:0:0:
384, 64, 1706, 5,0,0:0:0:0:
416, 64, 1706, 5,0,0:0:0:0:
432, 64, 1706, 5,0,0:0:0:0:
0, 80, 1706, 5,0,0:0:0:0:
16, 80, 1706, 5,0,0:0:0:0:
32, 80, 1706, 5,0,0:0:0:0:
48, 80, 1706, 5,0,0:0:0:0:
64, 80, 1706, 5,0,0:0:0:0:
80, 80, 1706, 5,0,0:0:0:0:
96, 80, 1706, 5,0,0:0:0:0:
112, 80, 1706, 5,0,0:0:0:0:
128, 80, 1706, 5,0,0:0:0:0:
144, 80, 1706, 5,0,0:0:0:0:
160, 80, 1706, 5,0,0:0:0:0:
176, 80, 1706, 5,0,0:0:0:0:
192, 80, 1706, 5,0,0:0:0:0:
240, 80, 1706, 5,0,0:0:0:0:
256, 80, 1706, 5,0,0:0:0:0:
272, 80, 1706, 5,0,0:0:0:0:
320, 80, 1706, 5,0,0:0:0:0:
336, 80, 1706, 5,0,0:0:0:0:
352, 80, 1706, 5,0,0:0:0:0:
416, 80, 1706, 5,0,0:0:0:0:
432, 80, 1706, 5,0,0:0:0:0:
224, 96, 1706, 5,0,0:0:0:0:
240, 96, 1706, 5,0,0:0:0:0:
448, 96, 1706, 5,0,0:0:0:0:
464, 96, 1706, 5,0,0:0:0:0:
496, 96, 1706, 5,0,0:0:0:0:
512, 96, 1706, 5,0,0:0:0:0:
0, 112, 1706, 5,0,0:0:0:0:
16, 112, 1706, 5,0,0:0:0:0:
32, 112, 1706, 5,0,0:0:0:0:
48, 112, 1706, 5,0,0:0:0:0:
64, 112, 1706, 5,0,0:0:0:0:
80, 112, 1706, 5,0,0:0:0:0:
96, 112, 1706, 5,0,0:0:0:0:
112, 112, 1706, 5,0,0:0:0:0:
128, 112, 1706, 5,0,0:0:0:0:
144, 112, 1706, 5,0,0:0:0:0:
160, 112, 1706, 5,0,0:0:0:0:
176, 112, 1706, 5,0,0:0:0:0:
192, 112, 1706, 5,0,0:0:0:0:
256, 112, 1706, 5,0,0:0:0:0:
272, 112, 1706, 5,0,0:0:0:0:
288, 112, 1706, 5,0,0:0:0:0:
304, 112, 1706, 5,0,0:0:0:0:
320, 112, 1706, 5,0,0:0:0:0:
496, 112, 1706, 5,0,0:0:0:0:
512, 112, 1706, 5,0,0:0:0:0:
272, 128, 1706, 5,0,0:0:0:0:
0, 144, 1706, 5,0,0:0:0:0:
16, 144, 1706, 5,0,0:0:0:0:
32, 144, 1706, 5,0,0:0:0:0:
48, 144, 1706, 5,0,0:0:0:0:
64, 144, 1706, 5,0,0:0:0:0:
80, 144, 1706, 5,0,0:0:0:0:
96, 144, 1706, 5,0,0:0:0:0:
112, 144, 1706, 5,0,0:0:0:0:
128, 144, 1706, 5,0,0:0:0:0:
144, 144, 1706, 5,0,0:0:0:0:
160, 144, 1706, 5,0,0:0:0:0:
176, 144, 1706, 5,0,0:0:0:0:
192, 144, 1706, 5,0,0:0:0:0:
288, 144, 1706, 5,0,0:0:0:0:
448, 144, 1706, 5,0,0:0:0:0:
224, 160, 1706, 5,0,0:0:0:0:
256, 160, 1706, 5,0,0:0:0:0:
368, 160, 1706, 5,0,0:0:0:0:
432, 160, 1706, 5,0,0:0:0:0:
0, 176, 1706, 5,0,0:0:0:0:
16, 176, 1706, 5,0,0:0:0:0:
32, 176, 1706, 5,0,0:0:0:0:
48, 176, 1706, 5,0,0:0:0:0:
64, 176, 1706, 5,0,0:0:0:0:
80, 176, 1706, 5,0,0:0:0:0:
96, 176, 1706, 5,0,0:0:0:0:
112, 176, 1706, 5,0,0:0:0:0:
128, 176, 1706, 5,0,0:0:0:0:
144, 176, 1706, 5,0,0:0:0:0:
160, 176, 1706, 5,0,0:0:0:0:
176, 176, 1706, 5,0,0:0:0:0:
192, 176, 1706, 5,0,0:0:0:0:
256, 176, 1706, 5,0,0:0:0:0:
288, 176, 1706, 5,0,0:0:0:0:
320, 176, 1706, 5,0,0:0:0:0:
336, 176, 1706, 5,0,0:0:0:0:
352, 176, 1706, 5,0,0:0:0:0:
368, 176, 1706, 5,0,0:0:0:0:
384, 176, 1706, 5,0,0:0:0:0:
496, 176, 1706, 5,0,0:0:0:0:
304, 192, 1706, 5,0,0:0:0:0:
320, 192, 1706, 5,0,0:0:0:0:
336, 192, 1706, 5,0,0:0:0:0:
400, 192, 1706, 5,0,0:0:0:0:
512, 192, 1706, 5,0,0:0:0:0:
0, 208, 1706, 5,0,0:0:0:0:
16, 208, 1706, 5,0,0:0:0:0:
32, 208, 1706, 5,0,0:0:0:0:
48, 208, 1706, 5,0,0:0:0:0:
64, 208, 1706, 5,0,0:0:0:0:
80, 208, 1706, 5,0,0:0:0:0:
96, 208, 1706, 5,0,0:0:0:0:
112, 208, 1706, 5,0,0:0:0:0:
128, 208, 1706, 5,0,0:0:0:0:
144, 208, 1706, 5,0,0:0:0:0:
160, 208, 1706, 5,0,0:0:0:0:
176, 208, 1706, 5,0,0:0:0:0:
192, 208, 1706, 5,0,0:0:0:0:
256, 208, 1706, 5,0,0:0:0:0:
288, 208, 1706, 5,0,0:0:0:0:
320, 208, 1706, 5,0,0:0:0:0:
336, 208, 1706, 5,0,0:0:0:0:
352, 208, 1706, 5,0,0:0:0:0:
368, 208, 1706, 5,0,0:0:0:0:
384, 208, 1706, 5,0,0:0:0:0:
496, 208, 1706, 5,0,0:0:0:0:
224, 224, 1706, 5,0,0:0:0:0:
256, 224, 1706, 5,0,0:0:0:0:
368, 224, 1706, 5,0,0:0:0:0:
432, 224, 1706, 5,0,0:0:0:0:
0, 240, 1706, 5,0,0:0:0:0:
16, 240, 1706, 5,0,0:0:0:0:
32, 240, 1706, 5,0,0:0:0:0:
48, 240, 1706, 5,0,0:0:0:0:
64, 240, 1706, 5,0,0:0:0:0:
80, 240, 1706, 5,0,0:0:0:0:
96, 240, 1706, 5,0,0:0:0:0:
112, 240, 1706, 5,0,0:0:0:0:
128, 240, 1706, 5,0,0:0:0:0:
144, 240, 1706, 5,0,0:0:0:0:
160, 240, 1706, 5,0,0:0:0:0:
176, 240, 1706, 5,0,0:0:0:0:
192, 240, 1706, 5,0,0:0:0:0:
288, 240, 1706, 5,0,0:0:0:0:
448, 240, 1706, 5,0,0:0:0:0:
272, 256, 1706, 5,0,0:0:0:0:
0, 272, 1706, 5,0,0:0:0:0:
16, 272, 1706, 5,0,0:0:0:0:
32, 272, 1706, 5,0,0:0:0:0:
48, 272, 1706, 5,0,0:0:0:0:
64, 272, 1706, 5,0,0:0:0:0:
80, 272, 1706, 5,0,0:0:0:0:
96, 272, 1706, 5,0,0:0:0:0:
112, 272, 1706, 5,0,0:0:0:0:
128, 272, 1706, 5,0,0:0:0:0:
144, 272, 1706, 5,0,0:0:0:0:
160, 272, 1706, 5,0,0:0:0:0:
176, 272, 1706, 5,0,0:0:0:0:
192, 272, 1706, 5,0,0:0:0:0:
256, 272, 1706, 5,0,0:0:0:0:
272, 272, 1706, 5,0,0:0:0:0:
288, 272, 1706, 5,0,0:0:0:0:
304, 272, 1706, 5,0,0:0:0:0:
320, 272, 1706, 5,0,0:0:0:0:
496, 272, 1706, 5,0,0:0:0:0:
512, 272, 1706, 5,0,0:0:0:0:
224, 288, 1706, 5,0,0:0:0:0:
240, 288, 1706, 5,0,0:0:0:0:
448, 288, 1706, 5,0,0:0:0:0:
464, 288, 1706, 5,0,0:0:0:0:
496, 288, 1706, 5,0,0:0:0:0:
512, 288, 1706, 5,0,0:0:0:0:
0, 304, 1706, 5,0,0:0:0:0:
16, 304, 1706, 5,0,0:0:0:0:
32, 304, 1706, 5,0,0:0:0:0:
48, 304, 1706, 5,0,0:0:0:0:
64, 304, 1706, 5,0,0:0:0:0:
80, 304, 1706, 5,0,0:0:0:0:
96, 304, 1706, 5,0,0:0:0:0:
112, 304, 1706, 5,0,0:0:0:0:
128, 304, 1706, 5,0,0:0:0:0:
144, 304, 1706, 5,0,0:0:0:0:
160, 304, 1706, 5,0,0:0:0:0:
176, 304, 1706, 5,0,0:0:0:0:
192, 304, 1706, 5,0,0:0:0:0:
240, 304, 1706, 5,0,0:0:0:0:
256, 304, 1706, 5,0,0:0:0:0:
272, 304, 1706, 5,0,0:0:0:0:
320, 304, 1706, 5,0,0:0:0:0:
336, 304, 1706, 5,0,0:0:0:0:
352, 304, 1706, 5,0,0:0:0:0:
416, 304, 1706, 5,0,0:0:0:0:
432, 304, 1706, 5,0,0:0:0:0:
304, 320, 1706, 5,0,0:0:0:0:
320, 320, 1706, 5,0,0:0:0:0:
384, 320, 1706, 5,0,0:0:0:0:
416, 320, 1706, 5,0,0:0:0:0:
432, 320, 1706, 5,0,0:0:0:0:
0, 336, 1706, 5,0,0:0:0:0:
16, 336, 1706, 5,0,0:0:0:0:
32, 336, 1706, 5,0,0:0:0:0:
48, 336, 1706, 5,0,0:0:0:0:
64, 336, 1706, 5,0,0:0:0:0:
80, 336, 1706, 5,0,0:0:0:0:
96, 336, 1706, 5,0,0:0:0:0:
112, 336, 1706, 5,0,0:0:0:0:
128, 336, 1706, 5,0,0:0:0:0:
144, 336, 1706, 5,0,0:0:0:0:
160, 336, 1706, 5,0,0:0:0:0:
176, 336, 1706, 5,0,0:0:0:0:
192, 336, 1706, 5,0,0:0:0:0:
240, 336, 1706, 5,0,0:0:0:0:
256, 336, 1706, 5,0,0:0:0:0:
272, 336, 1706, 5,0,0:0:0:0:
336, 336, 1706, 5,0,0:0:0:0:
352, 336, 1706, 5,0,0:0:0:0:
448, 336, 1706, 5,0,0:0:0:0:
464, 336, 1706, 5,0,0:0:0:0:
224, 352, 1706, 5,0,0:0:0:0:
240, 352, 1706, 5,0,0:0:0:0:
496, 352, 1706, 5,0,0:0:0:0:
512, 352, 1706, 5,0,0:0:0:0:
0, 368, 1706, 5,0,0:0:0:0:
16, 368, 1706, 5,0,0:0:0:0:
32, 368, 1706, 5,0,0:0:0:0:
48, 368, 1706, 5,0,0:0:0:0:
64, 368, 1706, 5,0,0:0:0:0:
80, 368, 1706, 5,0,0:0:0:0:
96, 368, 1706, 5,0,0:0:0:0:
112, 368, 1706, 5,0,0:0:0:0:
128, 368, 1706, 5,0,0:0:0:0:
144, 368, 1706, 5,0,0:0:0:0:
160, 368, 1706, 5,0,0:0:0:0:
176, 368, 1706, 5,0,0:0:0:0:
192, 368, 1706, 5,0,0:0:0:0:
240, 368, 1706, 5,0,0:0:0:0:
256, 368, 1706, 5,0,0:0:0:0:
272, 368, 1706, 5,0,0:0:0:0:
336, 368, 1706, 5,0,0:0:0:0:
352, 368, 1706, 5,0,0:0:0:0:
416, 368, 1706, 5,0,0:0:0:0:
432, 368, 1706, 5,0,0:0:0:0:
448, 368, 1706, 5,0,0:0:0:0:
464, 368, 1706, 5,0,0:0:0:0:
512, 368, 1706, 5,0,0:0:0:0:
304, 384, 1706, 5,0,0:0:0:0:
320, 384, 1706, 5,0,0:0:0:0:
384, 384, 1706, 5,0,0:0:0:0:
400, 384, 1706, 5,0,0:0:0:0:
288, 0, 2135, 5,0,0:0:0:0:
304, 0, 2135, 5,0,0:0:0:0:
368, 0, 2135, 5,0,0:0:0:0:
384, 0, 2135, 5,0,0:0:0:0:
0, 16, 2135, 5,0,0:0:0:0:
16, 16, 2135, 5,0,0:0:0:0:
32, 16, 2135, 5,0,0:0:0:0:
48, 16, 2135, 5,0,0:0:0:0:
64, 16, 2135, 5,0,0:0:0:0:
80, 16, 2135, 5,0,0:0:0:0:
96, 16, 2135, 5,0,0:0:0:0:
112, 16, 2135, 5,0,0:0:0:0:
128, 16, 2135, 5,0,0:0:0:0:
144, 16, 2135, 5,0,0:0:0:0:
160, 16, 2135, 5,0,0:0:0:0:
176, 16, 2135, 5,0,0:0:0:0:
224, 16, 2135, 5,0,0:0:0:0:
240, 16, 2135, 5,0,0:0:0:0:
256, 16, 2135, 5,0,0:0:0:0:
320, 16, 2135, 5,0,0:0:0:0:
336, 16, 2135, 5,0,0:0:0:0:
400, 16, 2135, 5,0,0:0:0:0:
416, 16, 2135, 5,0,0:0:0:0:
432, 16, 2135, 5,0,0:0:0:0:
448, 16, 2135, 5,0,0:0:0:0:
496, 16, 2135, 5,0,0:0:0:0:
512, 16, 2135, 5,0,0:0:0:0:
208, 32, 2135, 5,0,0:0:0:0:
224, 32, 2135, 5,0,0:0:0:0:
480, 32, 2135, 5,0,0:0:0:0:
496, 32, 2135, 5,0,0:0:0:0:
0, 48, 2135, 5,0,0:0:0:0:
16, 48, 2135, 5,0,0:0:0:0:
32, 48, 2135, 5,0,0:0:0:0:
48, 48, 2135, 5,0,0:0:0:0:
64, 48, 2135, 5,0,0:0:0:0:
80, 48, 2135, 5,0,0:0:0:0:
96, 48, 2135, 5,0,0:0:0:0:
112, 48, 2135, 5,0,0:0:0:0:
128, 48, 2135, 5,0,0:0:0:0:
144, 48, 2135, 5,0,0:0:0:0:
160, 48, 2135, 5,0,0:0:0:0:
176, 48, 2135, 5,0,0:0:0:0:
224, 48, 2135, 5,0,0:0:0:0:
240, 48, 2135, 5,0,0:0:0:0:
256, 48, 2135, 5,0,0:0:0:0:
320, 48, 2135, 5,0,0:0:0:0:
336, 48, 2135, 5,0,0:0:0:0:
432, 48, 2135, 5,0,0:0:0:0:
448, 48, 2135, 5,0,0:0:0:0:
512, 48, 2135, 5,0,0:0:0:0:
288, 64, 2135, 5,0,0:0:0:0:
304, 64, 2135, 5,0,0:0:0:0:
368, 64, 2135, 5,0,0:0:0:0:
400, 64, 2135, 5,0,0:0:0:0:
416, 64, 2135, 5,0,0:0:0:0:
0, 80, 2135, 5,0,0:0:0:0:
16, 80, 2135, 5,0,0:0:0:0:
32, 80, 2135, 5,0,0:0:0:0:
48, 80, 2135, 5,0,0:0:0:0:
64, 80, 2135, 5,0,0:0:0:0:
80, 80, 2135, 5,0,0:0:0:0:
96, 80, 2135, 5,0,0:0:0:0:
112, 80, 2135, 5,0,0:0:0:0:
128, 80, 2135, 5,0,0:0:0:0:
144, 80, 2135, 5,0,0:0:0:0:
160, 80, 2135, 5,0,0:0:0:0:
176, 80, 2135, 5,0,0:0:0:0:
224, 80, 2135, 5,0,0:0:0:0:
240, 80, 2135, 5,0,0:0:0:0:
256, 80, 2135, 5,0,0:0:0:0:
304, 80, 2135, 5,0,0:0:0:0:
320, 80, 2135, 5,0,0:0:0:0:
336, 80, 2135, 5,0,0:0:0:0:
400, 80, 2135, 5,0,0:0:0:0:
416, 80, 2135, 5,0,0:0:0:0:
512, 80, 2135, 5,0,0:0:0:0:
208, 96, 2135, 5,0,0:0:0:0:
224, 96, 2135, 5,0,0:0:0:0:
432, 96, 2135, 5,0,0:0:0:0:
448, 96, 2135, 5,0,0:0:0:0:
480, 96, 2135, 5,0,0:0:0:0:
496, 96, 2135, 5,0,0:0:0:0:
0, 112, 2135, 5,0,0:0:0:0:
16, 112, 2135, 5,0,0:0:0:0:
32, 112, 2135, 5,0,0:0:0:0:
48, 112, 2135, 5,0,0:0:0:0:
64, 112, 2135, 5,0,0:0:0:0:
80, 112, 2135, 5,0,0:0:0:0:
96, 112, 2135, 5,0,0:0:0:0:
112, 112, 2135, 5,0,0:0:0:0:
128, 112, 2135, 5,0,0:0:0:0:
144, 112, 2135, 5,0,0:0:0:0:
160, 112, 2135, 5,0,0:0:0:0:
176, 112, 2135, 5,0,0:0:0:0:
240, 112, 2135, 5,0,0:0:0:0:
256, 112, 2135, 5,0,0:0:0:0:
272, 112, 2135, 5,0,0:0:0:0:
288, 112, 2135, 5,0,0:0:0:0:
304, 112, 2135, 5,0,0:0:0:0:
480, 112, 2135, 5,0,0:0:0:0:
496, 112, 2135, 5,0,0:0:0:0:
256, 128, 2135, 5,0,0:0:0:0:
512, 128, 2135, 5,0,0:0:0:0:
0, 144, 2135, 5,0,0:0:0:0:
16, 144, 2135, 5,0,0:0:0:0:
32, 144, 2135, 5,0,0:0:0:0:
48, 144, 2135, 5,0,0:0:0:0:
64, 144, 2135, 5,0,0:0:0:0:
80, 144, 2135, 5,0,0:0:0:0:
96, 144, 2135, 5,0,0:0:0:0:
112, 144, 2135, 5,0,0:0:0:0:
128, 144, 2135, 5,0,0:0:0:0:
144, 144, 2135, 5,0,0:0:0:0:
160, 144, 2135, 5,0,0:0:0:0:
176, 144, 2135, 5,0,0:0:0:0:
272, 144, 2135, 5,0,0:0:0:0:
208, 160, 2135, 5,0,0:0:0:0:
240, 160, 2135, 5,0,0:0:0:0:
304, 160, 2135, 5,0,0:0:0:0:
336, 160, 2135, 5,0,0:0:0:0:
368, 160, 2135, 5,0,0:0:0:0:
384, 160, 2135, 5,0,0:0:0:0:
0, 176, 2135, 5,0,0:0:0:0:
16, 176, 2135, 5,0,0:0:0:0:
32, 176, 2135, 5,0,0:0:0:0:
48, 176, 2135, 5,0,0:0:0:0:
64, 176, 2135, 5,0,0:0:0:0:
80, 176, 2135, 5,0,0:0:0:0:
96, 176, 2135, 5,0,0:0:0:0:
112, 176, 2135, 5,0,0:0:0:0:
128, 176, 2135, 5,0,0:0:0:0:
144, 176, 2135, 5,0,0:0:0:0:
160, 176, 2135, 5,0,0:0:0:0:
176, 176, 2135, 5,0,0:0:0:0:
240, 176, 2135, 5,0,0:0:0:0:
272, 176, 2135, 5,0,0:0:0:0:
368, 176, 2135, 5,0,0:0:0:0:
384, 176, 2135, 5,0,0:0:0:0:
288, 192, 2135, 5,0,0:0:0:0:
400, 192, 2135, 5,0,0:0:0:0:
496, 192, 2135, 5,0,0:0:0:0:
512, 192, 2135, 5,0,0:0:0:0:
0, 208, 2135, 5,0,0:0:0:0:
16, 208, 2135, 5,0,0:0:0:0:
32, 208, 2135, 5,0,0:0:0:0:
48, 208, 2135, 5,0,0:0:0:0:
64, 208, 2135, 5,0,0:0:0:0:
80, 208, 2135, 5,0,0:0:0:0:
96, 208, 2135, 5,0,0:0:0:0:
112, 208, 2135, 5,0,0:0:0:0:
128, 208, 2135, 5,0,0:0:0:0:
144, 208, 2135, 5,0,0:0:0:0:
160, 208, 2135, 5,0,0:0:0:0:
176, 208, 2135, 5,0,0:0:0:0:
240, 208, 2135, 5,0,0:0:0:0:
272, 208, 2135, 5,0,0:0:0:0:
368, 208, 2135, 5,0,0:0:0:0:
384, 208, 2135, 5,0,0:0:0:0:
208, 224, 2135, 5,0,0:0:0:0:
240, 224, 2135, 5,0,0:0:0:0:
304, 224, 2135, 5,0,0:0:0:0:
336, 224, 2135, 5,0,0:0:0:0:
368, 224, 2135, 5,0,0:0:0:0:
384, 224, 2135, 5,0,0:0:0:0:
0, 240, 2135, 5,0,0:0:0:0:
16, 240, 2135, 5,0,0:0:0:0:
32, 240, 2135, 5,0,0:0:0:0:
48, 240, 2135, 5,0,0:0:0:0:
64, 240, 2135, 5,0,0:0:0:0:
80, 240, 2135, 5,0,0:0:0:0:
96, 240, 2135, 5,0,0:0:0:0:
112, 240, 2135, 5,0,0:0:0:0:
128, 240, 2135, 5,0,0:0:0:0:
144, 240, 2135, 5,0,0:0:0:0:
160, 240, 2135, 5,0,0:0:0:0:
176, 240, 2135, 5,0,0:0:0:0:
272, 240, 2135, 5,0,0:0:0:0:
256, 256, 2135, 5,0,0:0:0:0:
512, 256, 2135, 5,0,0:0:0:0:
0, 272, 2135, 5,0,0:0:0:0:
16, 272, 2135, 5,0,0:0:0:0:
32, 272, 2135, 5,0,0:0:0:0:
48, 272, 2135, 5,0,0:0:0:0:
64, 272, 2135, 5,0,0:0:0:0:
80, 272, 2135, 5,0,0:0:0:0:
96, 272, 2135, 5,0,0:0:0:0:
112, 272, 2135, 5,0,0:0:0:0:
128, 272, 2135, 5,0,0:0:0:0:
144, 272, 2135, 5,0,0:0:0:0:
160, 272, 2135, 5,0,0:0:0:0:
176, 272, 2135, 5,0,0:0:0:0:
240, 272, 2135, 5,0,0:0:0:0:
256, 272, 2135, 5,0,0:0:0:0:
272, 272, 2135, 5,0,0:0:0:0:
288, 272, 2135, 5,0,0:0:0:0:
304, 272, 2135, 5,0,0:0:0:0:
480, 272, 2135, 5,0,0:0:0:0:
496, 272, 2135, 5,0,0:0:0:0:
208, 288, 2135, 5,0,0:0:0:0:
224, 288, 2135, 5,0,0:0:0:0:
432, 288, 2135, 5,0,0:0:0:0:
448, 288, 2135, 5,0,0:0:0:0:
480, 288, 2135, 5,0,0:0:0:0:
496, 288, 2135, 5,0,0:0:0:0:
0, 304, 2135, 5,0,0:0:0:0:
16, 304, 2135, 5,0,0:0:0:0:
32, 304, 2135, 5,0,0:0:0:0:
48, 304, 2135, 5,0,0:0:0:0:
64, 304, 2135, 5,0,0:0:0:0:
80, 304, 2135, 5,0,0:0:0:0:
96, 304, 2135, 5,0,0:0:0:0:
112, 304, 2135, 5,0,0:0:0:0:
128, 304, 2135, 5,0,0:0:0:0:
144, 304, 2135, 5,0,0:0:0:0:
160, 304, 2135, 5,0,0:0:0:0:
176, 304, 2135, 5,0,0:0:0:0:
224, 304, 2135, 5,0,0:0:0:0:
240, 304, 2135, 5,0,0:0:0:0:
256, 304, 2135, 5,0,0:0:0:0:
304, 304, 2135, 5,0,0:0:0:0:
320, 304, 2135, 5,0,0:0:0:0:
336, 304, 2135, 5,0,0:0:0:0:
400, 304, 2135, 5,0,0:0:0:0:
416, 304, 2135, 5,0,0:0:0:0:
512, 304, 2135, 5,0,0:0:0:0:
288, 320, 2135, 5,0,0:0:0:0:
304, 320, 2135, 5,0,0:0:0:0:
368, 320, 2135, 5,0,0:0:0:0:
400, 320, 2135, 5,0,0:0:0:0:
416, 320, 2135, 5,0,0:0:0:0:
0, 336, 2135, 5,0,0:0:0:0:
16, 336, 2135, 5,0,0:0:0:0:
32, 336, 2135, 5,0,0:0:0:0:
48, 336, 2135, 5,0,0:0:0:0:
64, 336, 2135, 5,0,0:0:0:0:
80, 336, 2135, 5,0,0:0:0:0:
96, 336, 2135, 5,0,0:0:0:0:
112, 336, 2135, 5,0,0:0:0:0:
128, 336, 2135, 5,0,0:0:0:0:
144, 336, 2135, 5,0,0:0:0:0:
160, 336, 2135, 5,0,0:0:0:0:
176, 336, 2135, 5,0,0:0:0:0:
224, 336, 2135, 5,0,0:0:0:0:
240, 336, 2135, 5,0,0:0:0:0:
256, 336, 2135, 5,0,0:0:0:0:
320, 336, 2135, 5,0,0:0:0:0:
336, 336, 2135, 5,0,0:0:0:0:
432, 336, 2135, 5,0,0:0:0:0:
448, 336, 2135, 5,0,0:0:0:0:
512, 336, 2135, 5,0,0:0:0:0:
208, 352, 2135, 5,0,0:0:0:0:
224, 352, 2135, 5,0,0:0:0:0:
480, 352, 2135, 5,0,0:0:0:0:
496, 352, 2135, 5,0,0:0:0:0:
0, 368, 2135, 5,0,0:0:0:0:
16, 368, 2135, 5,0,0:0:0:0:
32, 368, 2135, 5,0,0:0:0:0:
48, 368, 2135, 5,0,0:0:0:0:
64, 368, 2135, 5,0,0:0:0:0:
80, 368, 2135, 5,0,0:0:0:0:
96, 368, 2135, 5,0,0:0:0:0:
112, 368, 2135, 5,0,0:0:0:0:
128, 368, 2135, 5,0,0:0:0:0:
144, 368, 2135, 5,0,0:0:0:0:
160, 368, 2135, 5,0,0:0:0:0:
176, 368, 2135, 5,0,0:0:0:0:
224, 368, 2135, 5,0,0:0:0:0:
240, 368, 2135, 5,0,0:0:0:0:
256, 368, 2135, 5,0,0:0:0:0:
320, 368, 2135, 5,0,0:0:0:0:
336, 368, 2135, 5,0,0:0:0:0:
400, 368, 2135, 5,0,0:0:0:0:
416, 368, 2135, 5,0,0:0:0:0:
432, 368, 2135, 5,0,0:0:0:0:
448, 368, 2135, 5,0,0:0:0:0:
496, 368, 2135, 5,0,0:0:0:0:
512, 368, 2135, 5,0,0:0:0:0:
288, 384, 2135, 5,0,0:0:0:0:
304, 384, 2135, 5,0,0:0:0:0:
368, 384, 2135, 5,0,0:0:0:0:
384, 384, 2135, 5,0,0:0:0:0:
272, 0, 2563, 5,0,0:0:0:0:
288, 0, 2563, 5,0,0:0:0:0:
352, 0, 2563, 5,0,0:0:0:0:
368, 0, 2563, 5,0,0:0:0:0:
0, 16, 2563, 5,0,0:0:0:0:
16, 16, 2563, 5,0,0:0:0:0:
32, 16, 2563, 5,0,0:0:0:0:
48, 16, 2563, 5,0,0:0:0:0:
64, 16, 2563, 5,0,0:0:0:0:
80, 16, 2563, 5,0,0:0:0:0:
96, 16, 2563, 5,0,0:0:0:0:
112, 16, 2563, 5,0,0:0:0:0:
128, 16, 2563, 5,0,0:0:0:0:
144, 16, 2563, 5,0,0:0:0:0:
160, 16, 2563, 5,0,0:0:0:0:
208, 16, 2563, 5,0,0:0:0:0:
224, 16, 2563, 5,0,0:0:0:0:
240, 16, 2563, 5,0,0:0:0:0:
304, 16, 2563, 5,0,0:0:0:0:
320, 16, 2563, 5,0,0:0:0:0:
384, 16, 2563, 5,0,0:0:0:0:
400, 16, 2563, 5,0,0:0:0:0:
416, 16, 2563, 5,0,0:0:0:0:
432, 16, 2563, 5,0,0:0:0:0:
480, 16, 2563, 5,0,0:0:0:0:
496, 16, 2563, 5,0,0:0:0:0:
512, 16, 2563, 5,0,0:0:0:0:
192, 32, 2563, 5,0,0:0:0:0:
208, 32, 2563, 5,0,0:0:0:0:
464, 32, 2563, 5,0,0:0:0:0:
480, 32, 2563, 5,0,0:0:0:0:
0, 48, 2563, 5,0,0:0:0:0:
16, 48, 2563, 5,0,0:0:0:0:
32, 48, 2563, 5,0,0:0:0:0:
48, 48, 2563, 5,0,0:0:0:0:
64, 48, 2563, 5,0,0:0:0:0:
80, 48, 2563, 5,0,0:0:0:0:
96, 48, 2563, 5,0,0:0:0:0:
112, 48, 2563, 5,0,0:0:0:0:
128, 48, 2563, 5,0,0:0:0:0:
144, 48, 2563, 5,0,0:0:0:0:
160, 48, 2563, 5,0,0:0:0:0:
208, 48, 2563, 5,0,0:0:0:0:
224, 48, 2563, 5,0,0:0:0:0:
240, 48, 2563, 5,0,0:0:0:0:
304, 48, 2563, 5,0,0:0:0:0:
320, 48, 2563, 5,0,0:0:0:0:
416, 48, 2563, 5,0,0:0:0:0:
432, 48, 2563, 5,0,0:0:0:0:
496, 48, 2563, 5,0,0:0:0:0:
512, 48, 2563, 5,0,0:0:0:0:
272, 64, 2563, 5,0,0:0:0:0:
288, 64, 2563, 5,0,0:0:0:0:
352, 64, 2563, 5,0,0:0:0:0:
384, 64, 2563, 5,0,0:0:0:0:
400, 64, 2563, 5,0,0:0:0:0:
0, 80, 2563, 5,0,0:0:0:0:
16, 80, 2563, 5,0,0:0:0:0:
32, 80, 2563, 5,0,0:0:0:0:
48, 80, 2563, 5,0,0:0:0:0:
64, 80, 2563, 5,0,0:0:0:0:
80, 80, 2563, 5,0,0:0:0:0:
96, 80, 2563, 5,0,0:0:0:0:
112, 80, 2563, 5,0,0:0:0:0:
128, 80, 2563, 5,0,0:0:0:0:
144, 80, 2563, 5,0,0:0:0:0:
160, 80, 2563, 5,0,0:0:0:0:
208, 80, 2563, 5,0,0:0:0:0:
224, 80, 2563, 5,0,0:0:0:0:
240, 80, 2563, 5,0,0:0:0:0:
288, 80, 2563, 5,0,0:0:0:0:
304, 80, 2563, 5,0,0:0:0:0:
320, 80, 2563, 5,0,0:0:0:0:
384, 80, 2563, 5,0,0:0:0:0:
400, 80, 2563, 5,0,0:0:0:0:
496, 80, 2563, 5,0,0:0:0:0:
512, 80, 2563, 5,0,0:0:0:0:
192, 96, 2563, 5,0,0:0:0:0:
208, 96, 2563, 5,0,0:0:0:0:
416, 96, 2563, 5,0,0:0:0:0:
432, 96, 2563, 5,0,0:0:0:0:
464, 96, 2563, 5,0,0:0:0:0:
480, 96, 2563, 5,0,0:0:0:0:
0, 112, 2563, 5,0,0:0:0:0:
16, 112, 2563, 5,0,0:0:0:0:
32, 112, 2563, 5,0,0:0:0:0:
48, 112, 2563, 5,0,0:0:0:0:
64, 112, 2563, 5,0,0:0:0:0:
80, 112, 2563, 5,0,0:0:0:0:
96, 112, 2563, 5,0,0:0:0:0:
112, 112, 2563, 5,0,0:0:0:0:
128, 112, 2563, 5,0,0:0:0:0:
144, 112, 2563, 5,0,0:0:0:0:
160, 112, 2563, 5,0,0:0:0:0:
224, 112, 2563, 5,0,0:0:0:0:
240, 112, 2563, 5,0,0:0:0:0:
256, 112, 2563, 5,0,0:0:0:0:
272, 112, 2563, 5,0,0:0:0:0:
288, 112, 2563, 5,0,0:0:0:0:
464, 112, 2563, 5,0,0:0:0:0:
480, 112, 2563, 5,0,0:0:0:0:
240, 128, 2563, 5,0,0:0:0:0:
496, 128, 2563, 5,0,0:0:0:0:
512, 128, 2563, 5,0,0:0:0:0:
0, 144, 2563, 5,0,0:0:0:0:
16, 144, 2563, 5,0,0:0:0:0:
32, 144, 2563, 5,0,0:0:0:0:
48, 144, 2563, 5,0,0:0:0:0:
64, 144, 2563, 5,0,0:0:0:0:
80, 144, 2563, 5,0,0:0:0:0:
96, 144, 2563, 5,0,0:0:0:0:
112, 144, 2563, 5,0,0:0:0:0:
128, 144, 2563, 5,0,0:0:0:0:
144, 144, 2563, 5,0,0:0:0:0:
160, 144, 2563, 5,0,0:0:0:0:
256, 144, 2563, 5,0,0:0:0:0:
192, 160, 2563, 5,0,0:0:0:0:
224, 160, 2563, 5,0,0:0:0:0:
288, 160, 2563, 5,0,0:0:0:0:
352, 160, 2563, 5,0,0:0:0:0:
368, 160, 2563, 5,0,0:0:0:0:
384, 160, 2563, 5,0,0:0:0:0:
0, 176, 2563, 5,0,0:0:0:0:
16, 176, 2563, 5,0,0:0:0:0:
32, 176, 2563, 5,0,0:0:0:0:
48, 176, 2563, 5,0,0:0:0:0:
64, 176, 2563, 5,0,0:0:0:0:
80, 176, 2563, 5,0,0:0:0:0:
96, 176, 2563, 5,0,0:0:0:0:
112, 176, 2563, 5,0,0:0:0:0:
128, 176, 2563, 5,0,0:0:0:0:
144, 176, 2563, 5,0,0:0:0:0:
160, 176, 2563, 5,0,0:0:0:0:
224, 176, 2563, 5,0,0:0:0:0:
256, 176, 2563, 5,0,0:0:0:0:
288, 176, 2563, 5,0,0:0:0:0:
352, 176, 2563, 5,0,0:0:0:0:
368, 176, 2563, 5,0,0:0:0:0:
400, 176, 2563, 5,0,0:0:0:0:
272, 192, 2563, 5,0,0:0:0:0:
288, 192, 2563, 5,0,0:0:0:0:
400, 192, 2563, 5,0,0:0:0:0:
0, 208, 2563, 5,0,0:0:0:0:
16, 208, 2563, 5,0,0:0:0:0:
32, 208, 2563, 5,0,0:0:0:0:
48, 208, 2563, 5,0,0:0:0:0:
64, 208, 2563, 5,0,0:0:0:0:
80, 208, 2563, 5,0,0:0:0:0:
96, 208, 2563, 5,0,0:0:0:0:
112, 208, 2563, 5,0,0:0:0:0:
128, 208, 2563, 5,0,0:0:0:0:
144, 208, 2563, 5,0,0:0:0:0:
160, 208, 2563, 5,0,0:0:0:0:
224, 208, 2563, 5,0,0:0:0:0:
256, 208, 2563, 5,0,0:0:0:0:
288, 208, 2563, 5,0,0:0:0:0:
352, 208, 2563, 5,0,0:0:0:0:
368, 208, 2563, 5,0,0:0:0:0:
400, 208, 2563, 5,0,0:0:0:0:
192, 224, 2563, 5,0,0:0:0:0:
224, 224, 2563, 5,0,0:0:0:0:
288, 224, 2563, 5,0,0:0:0:0:
352, 224, 2563, 5,0,0:0:0:0:
368, 224, 2563, 5,0,0:0:0:0:
384, 224, 2563, 5,0,0:0:0:0:
0, 240, 2563, 5,0,0:0:0:0:
16, 240, 2563, 5,0,0:0:0:0:
32, 240, 2563, 5,0,0:0:0:0:
48, 240, 2563, 5,0,0:0:0:0:
64, 240, 2563, 5,0,0:0:0:0:
80, 240, 2563, 5,0,0:0:0:0:
96, 240, 2563, 5,0,0:0:0:0:
112, 240, 2563, 5,0,0:0:0:0:
128, 240, 2563, 5,0,0:0:0:0:
144, 240, 2563, 5,0,0:0:0:0:
160, 240, 2563, 5,0,0:0:0:0:
256, 240, 2563, 5,0,0:0:0:0:
240, 256, 2563, 5,0,0:0:0:0:
496, 256, 2563, 5,0,0:0:0:0:
512, 256, 2563, 5,0,0:0:0:0:
0, 272, 2563, 5,0,0:0:0:0:
16, 272, 2563, 5,0,0:0:0:0:
32, 272, 2563, 5,0,0:0:0:0:
48, 272, 2563, 5,0,0:0:0:0:
64, 272, 2563, 5,0,0:0:0:0:
80, 272, 2563, 5,0,0:0:0:0:
96, 272, 2563, 5,0,0:0:0:0:
112, 272, 2563, 5,0,0:0:0:0:
128, 272, 2563, 5,0,0:0:0:0:
144, 272, 2563, 5,0,0:0:0:0:
160, 272, 2563, 5,0,0:0:0:0:
224, 272, 2563, 5,0,0:0:0:0:
240, 272, 2563, 5,0,0:0:0:0:
256, 272, 2563, 5,0,0:0:0:0:
272, 272, 2563, 5,0,0:0:0:0:
288, 272, 2563, 5,0,0:0:0:0:
464, 272, 2563, 5,0,0:0:0:0:
480, 272, 2563, 5,0,0:0:0:0:
192, 288, 2563, 5,0,0:0:0:0:
208, 288, 2563, 5,0,0:0:0:0:
416, 288, 2563, 5,0,0:0:0:0:
432, 288, 2563, 5,0,0:0:0:0:
464, 288, 2563, 5,0,0:0:0:0:
480, 288, 2563, 5,0,0:0:0:0:
0, 304, 2563, 5,0,0:0:0:0:
16, 304, 2563, 5,0,0:0:0:0:
32, 304, 2563, 5,0,0:0:0:0:
48, 304, 2563, 5,0,0:0:0:0:
64, 304, 2563, 5,0,0:0:0:0:
80, 304, 2563, 5,0,0:0:0:0:
96, 304, 2563, 5,0,0:0:0:0:
112, 304, 2563, 5,0,0:0:0:0:
128, 304, 2563, 5,0,0:0:0:0:
144, 304, 2563, 5,0,0:0:0:0:
160, 304, 2563, 5,0,0:0:0:0:
208, 304, 2563, 5,0,0:0:0:0:
224, 304, 2563, 5,0,0:0:0:0:
240, 304, 2563, 5,0,0:0:0:0:
288, 304, 2563, 5,0,0:0:0:0:
304, 304, 2563, 5,0,0:0:0:0:
320, 304, 2563, 5,0,0:0:0:0:
384, 304, 2563, 5,0,0:0:0:0:
400, 304, 2563, 5,0,0:0:0:0:
496, 304, 2563, 5,0,0:0:0:0:
512, 304, 2563, 5,0,0:0:0:0:
272, 320, 2563, 5,0,0:0:0:0:
288, 320, 2563, 5,0,0:0:0:0:
352, 320, 2563, 5,0,0:0:0:0:
384, 320, 2563, 5,0,0:0:0:0:
400, 320, 2563, 5,0,0:0:0:0:
0, 336, 2563, 5,0,0:0:0:0:
16, 336, 2563, 5,0,0:0:0:0:
32, 336, 2563, 5,0,0:0:0:0:
48, 336, 2563, 5,0,0:0:0:0:
64, 336, 2563, 5,0,0:0:0:0:
80, 336, 2563, 5,0,0:0:0:0:
96, 336, 2563, 5,0,0:0:0:0:
112, 336, 2563, 5,0,0:0:0:0:
128, 336, 2563, 5,0,0:0:0:0:
144, 336, 2563, 5,0,0:0:0:0:
160, 336, 2563, 5,0,0:0:0:0:
208, 336, 2563, 5,0,0:0:0:0:
224, 336, 2563, 5,0,0:0:0:0:
240, 336, 2563, 5,0,0:0:0:0:
304, 336, 2563, 5,0,0:0:0:0:
320, 336, 2563, 5,0,0:0:0:0:
416, 336, 2563, 5,0,0:0:0:0:
432, 336, 2563, 5,0,0:0:0:0:
496, 336, 2563, 5,0,0:0:0:0:
512, 336, 2563, 5,0,0:0:0:0:
192, 352, 2563, 5,0,0:0:0:0:
208, 352, 2563, 5,0,0:0:0:0:
464, 352, 2563, 5,0,0:0:0:0:
480, 352, 2563, 5,0,0:0:0:0:
0, 368, 2563, 5,0,0:0:0:0:
16, 368, 2563, 5,0,0:0:0:0:
32, 368, 2563, 5,0,0:0:0:0:
48, 368, 2563, 5,0,0:0:0:0:
64, 368, 2563, 5,0,0:0:0:0:
80, 368, 2563, 5,0,0:0:0:0:
96, 368, 2563, 5,0,0:0:0:0:
112, 368, 2563, 5,0,0:0:0:0:
128, 368, 2563, 5,0,0:0:0:0:
144, 368, 2563, 5,0,0:0:0:0:
160, 368, 2563, 5,0,0:0:0:0:
208, 368, 2563, 5,0,0:0:0:0:
224, 368, 2563, 5,0,0:0:0:0:
240, 368, 2563, 5,0,0:0:0:0:
304, 368, 2563, 5,0,0:0:0:0:
320, 368, 2563, 5,0,0:0:0:0:
384, 368, 2563, 5,0,0:0:0:0:
400, 368, 2563, 5,0,0:0:0:0:
416, 368, 2563, 5,0,0:0:0:0:
432, 368, 2563, 5,0,0:0:0:0:
480, 368, 2563, 5,0,0:0:0:0:
496, 368, 2563, 5,0,0:0:0:0:
512, 368, 2563, 5,0,0:0:0:0:
272, 384, 2563, 5,0,0:0:0:0:
288, 384, 2563, 5,0,0:0:0:0:
352, 384, 2563, 5,0,0:0:0:0:
368, 384, 2563, 5,0,0:0:0:0:
256, 0, 2992, 5,0,0:0:0:0:
272, 0, 2992, 5,0,0:0:0:0:
336, 0, 2992, 5,0,0:0:0:0:
352, 0, 2992, 5,0,0:0:0:0:
0, 16, 2992, 5,0,0:0:0:0:
16, 16, 2992, 5,0,0:0:0:0:
32, 16, 2992, 5,0,0:0:0:0:
48, 16, 2992, 5,0,0:0:0:0:
64, 16, 2992, 5,0,0:0:0:0:
80, 16, 2992, 5,0,0:0:0:0:
96, 16, 2992, 5,0,0:0:0:0:
112, 16, 2992, 5,0,0:0:0:0:
128, 16, 2992, 5,0,0:0:0:0:
144, 16, 2992, 5,0,0:0:0:0:
192, 16, 2992, 5,0,0:0:0:0:
208, 16, 2992, 5,0,0:0:0:0:
224, 16, 2992, 5,0,0:0:0:0:
288, 16, 2992, 5,0,0:0:0:0:
304, 16, 2992, 5,0,0:0:0:0:
368, 16, 2992, 5,0,0:0:0:0:
384, 16, 2992, 5,0,0:0:0:0:
400, 16, 2992, 5,0,0:0:0:0:
416, 16, 2992, 5,0,0:0:0:0:
464, 16, 2992, 5,0,0:0:0:0:
480, 16, 2992, 5,0,0:0:0:0:
496, 16, 2992, 5,0,0:0:0:0:
512, 16, 2992, 5,0,0:0:0:0:
176, 32, 2992, 5,0,0:0:0:0:
192, 32, 2992, 5,0,0:0:0:0:
448, 32, 2992, 5,0,0:0:0:0:
464, 32, 2992, 5,0,0:0:0:0:
0, 48, 2992, 5,0,0:0:0:0:
16, 48, 2992, 5,0,0:0:0:0:
32, 48, 2992, 5,0,0:0:0:0:
48, 48, 2992, 5,0,0:0:0:0:
64, 48, 2992, 5,0,0:0:0:0:
80, 48, 2992, 5,0,0:0:0:0:
96, 48, 2992, 5,0,0:0:0:0:
112, 48, 2992, 5,0,0:0:0:0:
128, 48, 2992, 5,0,0:0:0:0:
144, 48, 2992, 5,0,0:0:0:0:
192, 48, 2992, 5,0,0:0:0:0:
208, 48, 2992, 5,0,0:0:0:0:
224, 48, 2992, 5,0,0:0:0:0:
288, 48, 2992, 5,0,0:0:0:0:
304, 48, 2992, 5,0,0:0:0:0:
400, 48, 2992, 5,0,0:0:0:0:
416, 48, 2992, 5,0,0:0:0:0:
480, 48, 2992, 5,0,0:0:0:0:
496, 48, 2992, 5,0,0:0:0:0:
256, 64, 2992, 5,0,0:0:0:0:
272, 64, 2992, 5,0,0:0:0:0:
336, 64, 2992, 5,0,0:0:0:0:
368, 64, 2992, 5,0,0:0:0:0:
384, 64, 2992, 5,0,0:0:0:0:
0, 80, 2992, 5,0,0:0:0:0:
16, 80, 2992, 5,0,0:0:0:0:
32, 80, 2992, 5,0,0:0:0:0:
48, 80, 2992, 5,0,0:0:0:0:
64, 80, 2992, 5,0,0:0:0:0:
80, 80, 2992, 5,0,0:0:0:0:
96, 80, 2992, 5,0,0:0:0:0:
112, 80, 2992, 5,0,0:0:0:0:
128, 80, 2992, 5,0,0:0:0:0:
144, 80, 2992, 5,0,0:0:0:0:
192, 80, 2992, 5,0,0:0:0:0:
208, 80, 2992, 5,0,0:0:0:0:
224, 80, 2992, 5,0,0:0:0:0:
272, 80, 2992, 5,0,0:0:0:0:
288, 80, 2992, 5,0,0:0:0:0:
304, 80, 2992, 5,0,0:0:0:0:
368, 80, 2992, 5,0,0:0:0:0:
384, 80, 2992, 5,0,0:0:0:0:
480, 80, 2992, 5,0,0:0:0:0:
496, 80, 2992, 5,0,0:0:0:0:
176, 96, 2992, 5,0,0:0:0:0:
192, 96, 2992, 5,0,0:0:0:0:
400, 96, 2992, 5,0,0:0:0:0:
416, 96, 2992, 5,0,0:0:0:0:
448, 96, 2992, 5,0,0:0:0:0:
464, 96, 2992, 5,0,0:0:0:0:
0, 112, 2992, 5,0,0:0:0:0:
16, 112, 2992, 5,0,0:0:0:0:
32, 112, 2992, 5,0,0:0:0:0:
48, 112, 2992, 5,0,0:0:0:0:
64, 112, 2992, 5,0,0:0:0:0:
80, 112, 2992, 5,0,0:0:0:0:
96, 112, 2992, 5,0,0:0:0:0:
112, 112, 2992, 5,0,0:0:0:0:
128, 112, 2992, 5,0,0:0:0:0:
144, 112, 2992, 5,0,0:0:0:0:
208, 112, 2992, 5,0,0:0:0:0:
224, 112, 2992, 5,0,0:0:0:0:
240, 112, 2992, 5,0,0:0:0:0:
256, 112, 2992, 5,0,0:0:0:0:
272, 112, 2992, 5,0,0:0:0:0:
448, 112, 2992, 5,0,0:0:0:0:
464, 112, 2992, 5,0,0:0:0:0:
224, 128, 2992, 5,0,0:0:0:0:
480, 128, 2992, 5,0,0:0:0:0:
496, 128, 2992, 5,0,0:0:0:0:
0, 144, 2992, 5,0,0:0:0:0:
16, 144, 2992, 5,0,0:0:0:0:
32, 144, 2992, 5,0,0:0:0:0:
48, 144, 2992, 5,0,0:0:0:0:
64, 144, 2992, 5,0,0:0:0:0:
80, 144, 2992, 5,0,0:0:0:0:
96, 144, 2992, 5,0,0:0:0:0:
112, 144, 2992, 5,0,0:0:0:0:
128, 144, 2992, 5,0,0:0:0:0:
144, 144, 2992, 5,0,0:0:0:0:
240, 144, 2992, 5,0,0:0:0:0:
368, 144, 2992, 5,0,0:0:0:0:
176, 160, 2992, 5,0,0:0:0:0:
208, 160, 2992, 5,0,0:0:0:0:
352, 160, 2992, 5,0,0:0:0:0:
384, 160, 2992, 5,0,0:0:0:0:
0, 176, 2992, 5,0,0:0:0:0:
16, 176, 2992, 5,0,0:0:0:0:
32, 176, 2992, 5,0,0:0:0:0:
48, 176, 2992, 5,0,0:0:0:0:
64, 176, 2992, 5,0,0:0:0:0:
80, 176, 2992, 5,0,0:0:0:0:
96, 176, 2992, 5,0,0:0:0:0:
112, 176, 2992, 5,0,0:0:0:0:
128, 176, 2992, 5,0,0:0:0:0:
144, 176, 2992, 5,0,0:0:0:0:
208, 176, 2992, 5,0,0:0:0:0:
240, 176, 2992, 5,0,0:0:0:0:
288, 176, 2992, 5,0,0:0:0:0:
304, 176, 2992, 5,0,0:0:0:0:
352, 176, 2992, 5,0,0:0:0:0:
400, 176, 2992, 5,0,0:0:0:0:
256, 192, 2992, 5,0,0:0:0:0:
288, 192, 2992, 5,0,0:0:0:0:
304, 192, 2992, 5,0,0:0:0:0:
400, 192, 2992, 5,0,0:0:0:0:
416, 192, 2992, 5,0,0:0:0:0:
0, 208, 2992, 5,0,0:0:0:0:
16, 208, 2992, 5,0,0:0:0:0:
32, 208, 2992, 5,0,0:0:0:0:
48, 208, 2992, 5,0,0:0:0:0:
64, 208, 2992, 5,0,0:0:0:0:
80, 208, 2992, 5,0,0:0:0:0:
96, 208, 2992, 5,0,0:0:0:0:
112, 208, 2992, 5,0,0:0:0:0:
128, 208, 2992, 5,0,0:0:0:0:
144, 208, 2992, 5,0,0:0:0:0:
208, 208, 2992, 5,0,0:0:0:0:
240, 208, 2992, 5,0,0:0:0:0:
288, 208, 2992, 5,0,0:0:0:0:
304, 208, 2992, 5,0,0:0:0:0:
352, 208, 2992, 5,0,0:0:0:0:
400, 208, 2992, 5,0,0:0:0:0:
176, 224, 2992, 5,0,0:0:0:0:
208, 224, 2992, 5,0,0:0:0:0:
352, 224, 2992, 5,0,0:0:0:0:
384, 224, 2992, 5,0,0:0:0:0:
0, 240, 2992, 5,0,0:0:0:0:
16, 240, 2992, 5,0,0:0:0:0:
32, 240, 2992, 5,0,0:0:0:0:
48, 240, 2992, 5,0,0:0:0:0:
64, 240, 2992, 5,0,0:0:0:0:
80, 240, 2992, 5,0,0:0:0:0:
96, 240, 2992, 5,0,0:0:0:0:
112, 240, 2992, 5,0,0:0:0:0:
128, 240, 2992, 5,0,0:0:0:0:
144, 240, 2992, 5,0,0:0:0:0:
240, 240, 2992, 5,0,0:0:0:0:
368, 240, 2992, 5,0,0:0:0:0:
224, 256, 2992, 5,0,0:0:0:0:
480, 256, 2992, 5,0,0:0:0:0:
496, 256, 2992, 5,0,0:0:0:0:
0, 272, 2992, 5,0,0:0:0:0:
16, 272, 2992, 5,0,0:0:0:0:
32, 272, 2992, 5,0,0:0:0:0:
48, 272, 2992, 5,0,0:0:0:0:
64, 272, 2992, 5,0,0:0:0:0:
80, 272, 2992, 5,0,0:0:0:0:
96, 272, 2992, 5,0,0:0:0:0:
112, 272, 2992, 5,0,0:0:0:0:
128, 272, 2992, 5,0,0:0:0:0:
144, 272, 2992, 5,0,0:0:0:0:
208, 272, 2992, 5,0,0:0:0:0:
224, 272, 2992, 5,0,0:0:0:0:
240, 272, 2992, 5,0,0:0:0:0:
256, 272, 2992, 5,0,0:0:0:0:
272, 272, 2992, 5,0,0:0:0:0:
448, 272, 2992, 5,0,0:0:0:0:
464, 272, 2992, 5,0,0:0:0:0:
176, 288, 2992, 5,0,0:0:0:0:
192, 288, 2992, 5,0,0:0:0:0:
400, 288, 2992, 5,0,0:0:0:0:
416, 288, 2992, 5,0,0:0:0:0:
448, 288, 2992, 5,0,0:0:0:0:
464, 288, 2992, 5,0,0:0:0:0:
0, 304, 2992, 5,0,0:0:0:0:
16, 304, 2992, 5,0,0:0:0:0:
32, 304, 2992, 5,0,0:0:0:0:
48, 304, 2992, 5,0,0:0:0:0:
64, 304, 2992, 5,0,0:0:0:0:
80, 304, 2992, 5,0,0:0:0:0:
96, 304, 2992, 5,0,0:0:0:0:
112, 304, 2992, 5,0,0:0:0:0:
128, 304, 2992, 5,0,0:0:0:0:
144, 304, 2992, 5,0,0:0:0:0:
192, 304, 2992, 5,0,0:0:0:0:
208, 304, 2992, 5,0,0:0:0:0:
224, 304, 2992, 5,0,0:0:0:0:
272, 304, 2992, 5,0,0:0:0:0:
288, 304, 2992, 5,0,0:0:0:0:
304, 304, 2992, 5,0,0:0:0:0:
368, 304, 2992, 5,0,0:0:0:0:
384, 304, 2992, 5,0,0:0:0:0:
480, 304, 2992, 5,0,0:0:0:0:
496, 304, 2992, 5,0,0:0:0:0:
256, 320, 2992, 5,0,0:0:0:0:
272, 320, 2992, 5,0,0:0:0:0:
336, 320, 2992, 5,0,0:0:0:0:
368, 320, 2992, 5,0,0:0:0:0:
384, 320, 2992, 5,0,0:0:0:0:
0, 336, 2992, 5,0,0:0:0:0:
16, 336, 2992, 5,0,0:0:0:0:
32, 336, 2992, 5,0,0:0:0:0:
48, 336, 2992, 5,0,0:0:0:0:
64, 336, 2992, 5,0,0:0:0:0:
80, 336, 2992, 5,0,0:0:0:0:
96, 336, 2992, 5,0,0:0:0:0:
112, 336, 2992, 5,0,0:0:0:0:
128, 336, 2992, 5,0,0:0:0:0:
144, 336, 2992, 5,0,0:0:0:0:
192, 336, 2992, 5,0,0:0:0:0:
208, 336, 2992, 5,0,0:0:0:0:
224, 336, 2992, 5,0,0:0:0:0:
288, 336, 2992, 5,0,0:0:0:0:
304, 336, 2992, 5,0,0:0:0:0:
400, 336, 2992, 5,0,0:0:0:0:
416, 336, 2992, 5,0,0:0:0:0:
480, 336, 2992, 5,0,0:0:0:0:
496, 336, 2992, 5,0,0:0:0:0:
176, 352, 2992, 5,0,0:0:0:0:
192, 352, 2992, 5,0,0:0:0:0:
448, 352, 2992, 5,0,0:0:0:0:
464, 352, 2992, 5,0,0:0:0:0:
0, 368, 2992, 5,0,0:0:0:0:
16, 368, 2992, 5,0,0:0:0:0:
32, 368, 2992, 5,0,0:0:0:0:
48, 368, 2992, 5,0,0:0:0:0:
64, 368, 2992, 5,0,0:0:0:0:
80, 368, 2992, 5,0,0:0:0:0:
96, 368, 2992, 5,0,0:0:0:0:
112, 368, 2992, 5,0,0:0:0:0:
128, 368, 2992, 5,0,0:0:0:0:
144, 368, 2992, 5,0,0:0:0:0:
192, 368, 2992, 5,0,0:0:0:0:
208, 368, 2992, 5,0,0:0:0:0:
224, 368, 2992, 5,0,0:0:0:0:
288, 368, 2992, 5,0,0:0:0:0:
304, 368, 2992, 5,0,0:0:0:0:
368, 368, 2992, 5,0,0:0:0:0:
384, 368, 2992, 5,0,0:0:0:0:
400, 368, 2992, 5,0,0:0:0:0:
416, 368, 2992, 5,0,0:0:0:0:
464, 368, 2992, 5,0,0:0:0:0:
480, 368, 2992, 5,0,0:0:0:0:
496, 368, 2992, 5,0,0:0:0:0:
512, 368, 2992, 5,0,0:0:0:0:
256, 384, 2992, 5,0,0:0:0:0:
272, 384, 2992, 5,0,0:0:0:0:
336, 384, 2992, 5,0,0:0:0:0:
352, 384, 2992, 5,0,0:0:0:0:
240, 0, 3420, 5,0,0:0:0:0:
256, 0, 3420, 5,0,0:0:0:0:
320, 0, 3420, 5,0,0:0:0:0:
336, 0, 3420, 5,0,0:0:0:0:
0, 16, 3420, 5,0,0:0:0:0:
16, 16, 3420, 5,0,0:0:0:0:
32, 16, 3420, 5,0,0:0:0:0:
48, 16, 3420, 5,0,0:0:0:0:
64, 16, 3420, 5,0,0:0:0:0:
80, 16, 3420, 5,0,0:0:0:0:
96, 16, 3420, 5,0,0:0:0:0:
112, 16, 3420, 5,0,0:0:0:0:
128, 16, 3420, 5,0,0:0:0:0:
176, 16, 3420, 5,0,0:0:0:0:
192, 16, 3420, 5,0,0:0:0:0:
208, 16, 3420, 5,0,0:0:0:0:
272, 16, 3420, 5,0,0:0:0:0:
288, 16, 3420, 5,0,0:0:0:0:
352, 16, 3420, 5,0,0:0:0:0:
368, 16, 3420, 5,0,0:0:0:0:
384, 16, 3420, 5,0,0:0:0:0:
400, 16, 3420, 5,0,0:0:0:0:
448, 16, 3420, 5,0,0:0:0:0:
464, 16, 3420, 5,0,0:0:0:0:
480, 16, 3420, 5,0,0:0:0:0:
496, 16, 3420, 5,0,0:0:0:0:
512, 16, 3420, 5,0,0:0:0:0:
160, 32, 3420, 5,0,0:0:0:0:
176, 32, 3420, 5,0,0:0:0:0:
432, 32, 3420, 5,0,0:0:0:0:
448, 32, 3420, 5,0,0:0:0:0:
0, 48, 3420, 5,0,0:0:0:0:
16, 48, 3420, 5,0,0:0:0:0:
32, 48, 3420, 5,0,0:0:0:0:
48, 48, 3420, 5,0,0:0:0:0:
64, 48, 3420, 5,0,0:0:0:0:
80, 48, 3420, 5,0,0:0:0:0:
96, 48, 3420, 5,0,0:0:0:0:
112, 48, 3420, 5,0,0:0:0:0:
128, 48, 3420, 5,0,0:0:0:0:
176, 48, 3420, 5,0,0:0:0:0:
192, 48, 3420, 5,0,0:0:0:0:
208, 48, 3420, 5,0,0:0:0:0:
272, 48, 3420, 5,0,0:0:0:0:
288, 48, 3420, 5,0,0:0:0:0:
384, 48, 3420, 5,0,0:0:0:0:
400, 48, 3420, 5,0,0:0:0:0:
464, 48, 3420, 5,0,0:0:0:0:
480, 48, 3420, 5,0,0:0:0:0:
240, 64, 3420, 5,0,0:0:0:0:
256, 64, 3420, 5,0,0:0:0:0:
320, 64, 3420, 5,0,0:0:0:0:
352, 64, 3420, 5,0,0:0:0:0:
368, 64, 3420, 5,0,0:0:0:0:
512, 64, 3420, 5,0,0:0:0:0:
0, 80, 3420, 5,0,0:0:0:0:
16, 80, 3420, 5,0,0:0:0:0:
32, 80, 3420, 5,0,0:0:0:0:
48, 80, 3420, 5,0,0:0:0:0:
64, 80, 3420, 5,0,0:0:0:0:
80, 80, 3420, 5,0,0:0:0:0:
96, 80, 3420, 5,0,0:0:0:0:
112, 80, 3420, 5,0,0:0:0:0:
128, 80, 3420, 5,0,0:0:0:0:
176, 80, 3420, 5,0,0:0:0:0:
192, 80, 3420, 5,0,0:0:0:0:
208, 80, 3420, 5,0,0:0:0:0:
256, 80, 3420, 5,0,0:0:0:0:
272, 80, 3420, 5,0,0:0:0:0:
288, 80, 3420, 5,0,0:0:0:0:
352, 80, 3420, 5,0,0:0:0:0:
368, 80, 3420, 5,0,0:0:0:0:
464, 80, 3420, 5,0,0:0:0:0:
480, 80, 3420, 5,0,0:0:0:0:
160, 96, 3420, 5,0,0:0:0:0:
176, 96, 3420, 5,0,0:0:0:0:
384, 96, 3420, 5,0,0:0:0:0:
400, 96, 3420, 5,0,0:0:0:0:
432, 96, 3420, 5,0,0:0:0:0:
448, 96, 3420, 5,0,0:0:0:0:
0, 112, 3420, 5,0,0:0:0:0:
16, 112, 3420, 5,0,0:0:0:0:
32, 112, 3420, 5,0,0:0:0:0:
48, 112, 3420, 5,0,0:0:0:0:
64, 112, 3420, 5,0,0:0:0:0:
80, 112, 3420, 5,0,0:0:0:0:
96, 112, 3420, 5,0,0:0:0:0:
112, 112, 3420, 5,0,0:0:0:0:
128, 112, 3420, 5,0,0:0:0:0:
192, 112, 3420, 5,0,0:0:0:0:
208, 112, 3420, 5,0,0:0:0:0:
224, 112, 3420, 5,0,0:0:0:0:
240, 112, 3420, 5,0,0:0:0:0:
256, 112, 3420, 5,0,0:0:0:0:
432, 112, 3420, 5,0,0:0:0:0:
448, 112, 3420, 5,0,0:0:0:0:
208, 128, 3420, 5,0,0:0:0:0:
464, 128, 3420, 5,0,0:0:0:0:
480, 128, 3420, 5,0,0:0:0:0:
512, 128, 3420, 5,0,0:0:0:0:
0, 144, 3420, 5,0,0:0:0:0:
16, 144, 3420, 5,0,0:0:0:0:
32, 144, 3420, 5,0,0:0:0:0:
48, 144, 3420, 5,0,0:0:0:0:
64, 144, 3420, 5,0,0:0:0:0:
80, 144, 3420, 5,0,0:0:0:0:
96, 144, 3420, 5,0,0:0:0:0:
112, 144, 3420, 5,0,0:0:0:0:
128, 144, 3420, 5,0,0:0:0:0:
224, 144, 3420, 5,0,0:0:0:0:
368, 144, 3420, 5,0,0:0:0:0:
512, 144, 3420, 5,0,0:0:0:0:
160, 160, 3420, 5,0,0:0:0:0:
192, 160, 3420, 5,0,0:0:0:0:
352, 160, 3420, 5,0,0:0:0:0:
384, 160, 3420, 5,0,0:0:0:0:
0, 176, 3420, 5,0,0:0:0:0:
16, 176, 3420, 5,0,0:0:0:0:
32, 176, 3420, 5,0,0:0:0:0:
48, 176, 3420, 5,0,0:0:0:0:
64, 176, 3420, 5,0,0:0:0:0:
80, 176, 3420, 5,0,0:0:0:0:
96, 176, 3420, 5,0,0:0:0:0:
112, 176, 3420, 5,0,0:0:0:0:
128, 176, 3420, 5,0,0:0:0:0:
192, 176, 3420, 5,0,0:0:0:0:
224, 176, 3420, 5,0,0:0:0:0:
272, 176, 3420, 5,0,0:0:0:0:
288, 176, 3420, 5,0,0:0:0:0:
304, 176, 3420, 5,0,0:0:0:0:
368, 176, 3420, 5,0,0:0:0:0:
384, 176, 3420, 5,0,0:0:0:0:
400, 176, 3420, 5,0,0:0:0:0:
416, 176, 3420, 5,0,0:0:0:0:
240, 192, 3420, 5,0,0:0:0:0:
256, 192, 3420, 5,0,0:0:0:0:
320, 192, 3420, 5,0,0:0:0:0:
384, 192, 3420, 5,0,0:0:0:0:
400, 192, 3420, 5,0,0:0:0:0:
416, 192, 3420, 5,0,0:0:0:0:
0, 208, 3420, 5,0,0:0:0:0:
16, 208, 3420, 5,0,0:0:0:0:
32, 208, 3420, 5,0,0:0:0:0:
48, 208, 3420, 5,0,0:0:0:0:
64, 208, 3420, 5,0,0:0:0:0:
80, 208, 3420, 5,0,0:0:0:0:
96, 208, 3420, 5,0,0:0:0:0:
112, 208, 3420, 5,0,0:0:0:0:
128, 208, 3420, 5,0,0:0:0:0:
192, 208, 3420, 5,0,0:0:0:0:
224, 208, 3420, 5,0,0:0:0:0:
272, 208, 3420, 5,0,0:0:0:0:
288, 208, 3420, 5,0,0:0:0:0:
304, 208, 3420, 5,0,0:0:0:0:
368, 208, 3420, 5,0,0:0:0:0:
384, 208, 3420, 5,0,0:0:0:0:
400, 208, 3420, 5,0,0:0:0:0:
416, 208, 3420, 5,0,0:0:0:0:
160, 224, 3420, 5,0,0:0:0:0:
192, 224, 3420, 5,0,0:0:0:0:
352, 224, 3420, 5,0,0:0:0:0:
384, 224, 3420, 5,0,0:0:0:0:
0, 240, 3420, 5,0,0:0:0:0:
16, 240, 3420, 5,0,0:0:0:0:
32, 240, 3420, 5,0,0:0:0:0:
48, 240, 3420, 5,0,0:0:0:0:
64, 240, 3420, 5,0,0:0:0:0:
80, 240, 3420, 5,0,0:0:0:0:
96, 240, 3420, 5,0,0:0:0:0:
112, 240, 3420, 5,0,0:0:0:0:
128, 240, 3420, 5,0,0:0:0:0:
224, 240, 3420, 5,0,0:0:0:0:
368, 240, 3420, 5,0,0:0:0:0:
512, 240, 3420, 5,0,0:0:0:0:
208, 256, 3420, 5,0,0:0:0:0:
464, 256, 3420, 5,0,0:0:0:0:
480, 256, 3420, 5,0,0:0:0:0:
512, 256, 3420, 5,0,0:0:0:0:
0, 272, 3420, 5,0,0:0:0:0:
16, 272, 3420, 5,0,0:0:0:0:
32, 272, 3420, 5,0,0:0:0:0:
48, 272, 3420, 5,0,0:0:0:0:
64, 272, 3420, 5,0,0:0:0:0:
80, 272, 3420, 5,0,0:0:0:0:
96, 272, 3420, 5,0,0:0:0:0:
112, 272, 3420, 5,0,0:0:0:0:
128, 272, 3420, 5,0,0:0:0:0:
192, 272, 3420, 5,0,0:0:0:0:
208, 272, 3420, 5,0,0:0:0:0:
224, 272, 3420, 5,0,0:0:0:0:
240, 272, 3420, 5,0,0:0:0:0:
256, 272, 3420, 5,0,0:0:0:0:
432, 272, 3420, 5,0,0:0:0:0:
448, 272, 3420, 5,0,0:0:0:0:
160, 288, 3420, 5,0,0:0:0:0:
176, 288, 3420, 5,0,0:0:0:0:
384, 288, 3420, 5,0,0:0:0:0:
400, 288, 3420, 5,0,0:0:0:0:
432, 288, 3420, 5,0,0:0:0:0:
448, 288, 3420, 5,0,0:0:0:0:
0, 304, 3420, 5,0,0:0:0:0:
16, 304, 3420, 5,0,0:0:0:0:
32, 304, 3420, 5,0,0:0:0:0:
48, 304, 3420, 5,0,0:0:0:0:
64, 304, 3420, 5,0,0:0:0:0:
80, 304, 3420, 5,0,0:0:0:0:
96, 304, 3420, 5,0,0:0:0:0:
112, 304, 3420, 5,0,0:0:0:0:
128, 304, 3420, 5,0,0:0:0:0:
176, 304, 3420, 5,0,0:0:0:0:
192, 304, 3420, 5,0,0:0:0:0:
208, 304, 3420, 5,0,0:0:0:0:
256, 304, 3420, 5,0,0:0:0:0:
272, 304, 3420, 5,0,0:0:0:0:
288, 304, 3420, 5,0,0:0:0:0:
352, 304, 3420, 5,0,0:0:0:0:
368, 304, 3420, 5,0,0:0:0:0:
464, 304, 3420, 5,0,0:0:0:0:
480, 304, 3420, 5,0,0:0:0:0:
240, 320, 3420, 5,0,0:0:0:0:
256, 320, 3420, 5,0,0:0:0:0:
320, 320, 3420, 5,0,0:0:0:0:
352, 320, 3420, 5,0,0:0:0:0:
368, 320, 3420, 5,0,0:0:0:0:
512, 320, 3420, 5,0,0:0:0:0:
0, 336, 3420, 5,0,0:0:0:0:
16, 336, 3420, 5,0,0:0:0:0:
32, 336, 3420, 5,0,0:0:0:0:
48, 336, 3420, 5,0,0:0:0:0:
64, 336, 3420, 5,0,0:0:0:0:
80, 336, 3420, 5,0,0:0:0:0:
96, 336, 3420, 5,0,0:0:0:0:
112, 336, 3420, 5,0,0:0:0:0:
128, 336, 3420, 5,0,0:0:0:0:
176, 336, 3420, 5,0,0:0:0:0:
192, 336, 3420, 5,0,0:0:0:0:
208, 336, 3420, 5,0,0:0:0:0:
272, 336, 3420, 5,0,0:0:0:0:
288, 336, 3420, 5,0,0:0:0:0:
384, 336, 3420, 5,0,0:0:0:0:
400, 336, 3420, 5,0,0:0:0:0:
464, 336, 3420, 5,0,0:0:0:0:
480, 336, 3420, 5,0,0:0:0:0:
160, 352, 3420, 5,0,0:0:0:0:
176, 352, 3420, 5,0,0:0:0:0:
432, 352, 3420, 5,0,0:0:0:0:
448, 352, 3420, 5,0,0:0:0:0:
0, 368, 3420, 5,0,0:0:0:0:
16, 368, 3420, 5,0,0:0:0:0:
32, 368, 3420, 5,0,0:0:0:0:
48, 368, 3420, 5,0,0:0:0:0:
64, 368, 3420, 5,0,0:0:0:0:
80, 368, 3420, 5,0,0:0:0:0:
96, 368, 3420, 5,0,0:0:0:0:
112, 368, 3420, 5,0,0:0:0:0:
128, 368, 3420, 5,0,0:0:0:0:
176, 368, 3420, 5,0,0:0:0:0:
192, 368, 3420, 5,0,0:0:0:0:
208, 368, 3420, 5,0,0:0:0:0:
272, 368, 3420, 5,0,0:0:0:0:
288, 368, 3420, 5,0,0:0:0:0:
352, 368, 3420, 5,0,0:0:0:0:
368, 368, 3420, 5,0,0:0:0:0:
384, 368, 3420, 5,0,0:0:0:0:
400, 368, 3420, 5,0,0:0:0:0:
448, 368, 3420, 5,0,0:0:0:0:
464, 368, 3420, 5,0,0:0:0:0:
480, 368, 3420, 5,0,0:0:0:0:
496, 368, 3420, 5,0,0:0:0:0:
512, 368, 3420, 5,0,0:0:0:0:
240, 384, 3420, 5,0,0:0:0:0:
256, 384, 3420, 5,0,0:0:0:0:
320, 384, 3420, 5,0,0:0:0:0:
336, 384, 3420, 5,0,0:0:0:0:
224, 0, 3849, 5,0,0:0:0:0:
240, 0, 3849, 5,0,0:0:0:0:
304, 0, 3849, 5,0,0:0:0:0:
320, 0, 3849, 5,0,0:0:0:0:
0, 16, 3849, 5,0,0:0:0:0:
16, 16, 3849, 5,0,0:0:0:0:
32, 16, 3849, 5,0,0:0:0:0:
48, 16, 3849, 5,0,0:0:0:0:
64, 16, 3849, 5,0,0:0:0:0:
80, 16, 3849, 5,0,0:0:0:0:
96, 16, 3849, 5,0,0:0:0:0:
112, 16, 3849, 5,0,0:0:0:0:
160, 16, 3849, 5,0,0:0:0:0:
176, 16, 3849, 5,0,0:0:0:0:
192, 16, 3849, 5,0,0:0:0:0:
256, 16, 3849, 5,0,0:0:0:0:
272, 16, 3849, 5,0,0:0:0:0:
336, 16, 3849, 5,0,0:0:0:0:
352, 16, 3849, 5,0,0:0:0:0:
368, 16, 3849, 5,0,0:0:0:0:
384, 16, 3849, 5,0,0:0:0:0:
432, 16, 3849, 5,0,0:0:0:0:
448, 16, 3849, 5,0,0:0:0:0:
464, 16, 3849, 5,0,0:0:0:0:
480, 16, 3849, 5,0,0:0:0:0:
496, 16, 3849, 5,0,0:0:0:0:
512, 16, 3849, 5,0,0:0:0:0:
144, 32, 3849, 5,0,0:0:0:0:
160, 32, 3849, 5,0,0:0:0:0:
416, 32, 3849, 5,0,0:0:0:0:
432, 32, 3849, 5,0,0:0:0:0:
0, 48, 3849, 5,0,0:0:0:0:
16, 48, 3849, 5,0,0:0:0:0:
32, 48, 3849, 5,0,0:0:0:0:
48, 48, 3849, 5,0,0:0:0:0:
64, 48, 3849, 5,0,0:0:0:0:
80, 48, 3849, 5,0,0:0:0:0:
96, 48, 3849, 5,0,0:0:0:0:
112, 48, 3849, 5,0,0:0:0:0:
160, 48, 3849, 5,0,0:0:0:0:
176, 48, 3849, 5,0,0:0:0:0:
192, 48, 3849, 5,0,0:0:0:0:
256, 48, 3849, 5,0,0:0:0:0:
272, 48, 3849, 5,0,0:0:0:0:
368, 48, 3849, 5,0,0:0:0:0:
384, 48, 3849, 5,0,0:0:0:0:
448, 48, 3849, 5,0,0:0:0:0:
464, 48, 3849, 5,0,0:0:0:0:
512, 48, 3849, 5,0,0:0:0:0:
224, 64, 3849, 5,0,0:0:0:0:
240, 64, 3849, 5,0,0:0:0:0:
304, 64, 3849, 5,0,0:0:0:0:
336, 64, 3849, 5,0,0:0:0:0:
352, 64, 3849, 5,0,0:0:0:0:
496, 64, 3849, 5,0,0:0:0:0:
512, 64, 3849, 5,0,0:0:0:0:
0, 80, 3849, 5,0,0:0:0:0:
16, 80, 3849, 5,0,0:0:0:0:
32, 80, 3849, 5,0,0:0:0:0:
48, 80, 3849, 5,0,0:0:0:0:
64, 80, 3849, 5,0,0:0:0:0:
80, 80, 3849, 5,0,0:0:0:0:
96, 80, 3849, 5,0,0:0:0:0:
112, 80, 3849, 5,0,0:0:0:0:
160, 80, 3849, 5,0,0:0:0:0:
176, 80, 3849, 5,0,0:0:0:0:
192, 80, 3849, 5,0,0:0:0:0:
240, 80, 3849, 5,0,0:0:0:0:
256, 80, 3849, 5,0,0:0:0:0:
272, 80, 3849, 5,0,0:0:0:0:
336, 80, 3849, 5,0,0:0:0:0:
352, 80, 3849, 5,0,0:0:0:0:
448, 80, 3849, 5,0,0:0:0:0:
464, 80, 3849, 5,0,0:0:0:0:
144, 96, 3849, 5,0,0:0:0:0:
160, 96, 3849, 5,0,0:0:0:0:
368, 96, 3849, 5,0,0:0:0:0:
384, 96, 3849, 5,0,0:0:0:0:
416, 96, 3849, 5,0,0:0:0:0:
432, 96, 3849, 5,0,0:0:0:0:
0, 112, 3849, 5,0,0:0:0:0:
16, 112, 3849, 5,0,0:0:0:0:
32, 112, 3849, 5,0,0:0:0:0:
48, 112, 3849, 5,0,0:0:0:0:
64, 112, 3849, 5,0,0:0:0:0:
80, 112, 3849, 5,0,0:0:0:0:
96, 112, 3849, 5,0,0:0:0:0:
112, 112, 3849, 5,0,0:0:0:0:
176, 112, 3849, 5,0,0:0:0:0:
192, 112, 3849, 5,0,0:0:0:0:
208, 112, 3849, 5,0,0:0:0:0:
224, 112, 3849, 5,0,0:0:0:0:
240, 112, 3849, 5,0,0:0:0:0:
416, 112, 3849, 5,0,0:0:0:0:
432, 112, 3849, 5,0,0:0:0:0:
192, 128, 3849, 5,0,0:0:0:0:
448, 128, 3849, 5,0,0:0:0:0:
464, 128, 3849, 5,0,0:0:0:0:
496, 128, 3849, 5,0,0:0:0:0:
512, 128, 3849, 5,0,0:0:0:0:
0, 144, 3849, 5,0,0:0:0:0:
16, 144, 3849, 5,0,0:0:0:0:
32, 144, 3849, 5,0,0:0:0:0:
48, 144, 3849, 5,0,0:0:0:0:
64, 144, 3849, 5,0,0:0:0:0:
80, 144, 3849, 5,0,0:0:0:0:
96, 144, 3849, 5,0,0:0:0:0:
112, 144, 3849, 5,0,0:0:0:0:
208, 144, 3849, 5,0,0:0:0:0:
368, 144, 3849, 5,0,0:0:0:0:
496, 144, 3849, 5,0,0:0:0:0:
512, 144, 3849, 5,0,0:0:0:0:
144, 160, 3849, 5,0,0:0:0:0:
176, 160, 3849, 5,0,0:0:0:0:
288, 160, 3849, 5,0,0:0:0:0:
352, 160, 3849, 5,0,0:0:0:0:
0, 176, 3849, 5,0,0:0:0:0:
16, 176, 3849, 5,0,0:0:0:0:
32, 176, 3849, 5,0,0:0:0:0:
48, 176, 3849, 5,0,0:0:0:0:
64, 176, 3849, 5,0,0:0:0:0:
80, 176, 3849, 5,0,0:0:0:0:
96, 176, 3849, 5,0,0:0:0:0:
112, 176, 3849, 5,0,0:0:0:0:
176, 176, 3849, 5,0,0:0:0:0:
208, 176, 3849, 5,0,0:0:0:0:
240, 176, 3849, 5,0,0:0:0:0:
256, 176, 3849, 5,0,0:0:0:0:
272, 176, 3849, 5,0,0:0:0:0:
288, 176, 3849, 5,0,0:0:0:0:
304, 176, 3849, 5,0,0:0:0:0:
416, 176, 3849, 5,0,0:0:0:0:
224, 192, 3849, 5,0,0:0:0:0:
240, 192, 3849, 5,0,0:0:0:0:
256, 192, 3849, 5,0,0:0:0:0:
320, 192, 3849, 5,0,0:0:0:0:
432, 192, 3849, 5,0,0:0:0:0:
0, 208, 3849, 5,0,0:0:0:0:
16, 208, 3849, 5,0,0:0:0:0:
32, 208, 3849, 5,0,0:0:0:0:
48, 208, 3849, 5,0,0:0:0:0:
64, 208, 3849, 5,0,0:0:0:0:
80, 208, 3849, 5,0,0:0:0:0:
96, 208, 3849, 5,0,0:0:0:0:
112, 208, 3849, 5,0,0:0:0:0:
176, 208, 3849, 5,0,0:0:0:0:
208, 208, 3849, 5,0,0:0:0:0:
240, 208, 3849, 5,0,0:0:0:0:
256, 208, 3849, 5,0,0:0:0:0:
272, 208, 3849, 5,0,0:0:0:0:
288, 208, 3849, 5,0,0:0:0:0:
304, 208, 3849, 5,0,0:0:0:0:
416, 208, 3849, 5,0,0:0:0:0:
144, 224, 3849, 5,0,0:0:0:0:
176, 224, 3849, 5,0,0:0:0:0:
288, 224, 3849, 5,0,0:0:0:0:
352, 224, 3849, 5,0,0:0:0:0:
0, 240, 3849, 5,0,0:0:0:0:
16, 240, 3849, 5,0,0:0:0:0:
32, 240, 3849, 5,0,0:0:0:0:
48, 240, 3849, 5,0,0:0:0:0:
64, 240, 3849, 5,0,0:0:0:0:
80, 240, 3849, 5,0,0:0:0:0:
96, 240, 3849, 5,0,0:0:0:0:
112, 240, 3849, 5,0,0:0:0:0:
208, 240, 3849, 5,0,0:0:0:0:
368, 240, 3849, 5,0,0:0:0:0:
496, 240, 3849, 5,0,0:0:0:0:
512, 240, 3849, 5,0,0:0:0:0:
192, 256, 3849, 5,0,0:0:0:0:
448, 256, 3849, 5,0,0:0:0:0:
464, 256, 3849, 5,0,0:0:0:0:
496, 256, 3849, 5,0,0:0:0:0:
512, 256, 3849, 5,0,0:0:0:0:
0, 272, 3849, 5,0,0:0:0:0:
16, 272, 3849, 5,0,0:0:0:0:
32, 272, 3849, 5,0,0:0:0:0:
48, 272, 3849, 5,0,0:0:0:0:
64, 272, 3849, 5,0,0:0:0:0:
80, 272, 3849, 5,0,0:0:0:0:
96, 272, 3849, 5,0,0:0:0:0:
112, 272, 3849, 5,0,0:0:0:0:
176, 272, 3849, 5,0,0:0:0:0:
192, 272, 3849, 5,0,0:0:0:0:
208, 272, 3849, 5,0,0:0:0:0:
224, 272, 3849, 5,0,0:0:0:0:
240, 272, 3849, 5,0,0:0:0:0:
416, 272, 3849, 5,0,0:0:0:0:
432, 272, 3849, 5,0,0:0:0:0:
144, 288, 3849, 5,0,0:0:0:0:
160, 288, 3849, 5,0,0:0:0:0:
368, 288, 3849, 5,0,0:0:0:0:
384, 288, 3849, 5,0,0:0:0:0:
416, 288, 3849, 5,0,0:0:0:0:
432, 288, 3849, 5,0,0:0:0:0:
0, 304, 3849, 5,0,0:0:0:0:
16, 304, 3849, 5,0,0:0:0:0:
32, 304, 3849, 5,0,0:0:0:0:
48, 304, 3849, 5,0,0:0:0:0:
64, 304, 3849, 5,0,0:0:0:0:
80, 304, 3849, 5,0,0:0:0:0:
96, 304, 3849, 5,0,0:0:0:0:
112, 304, 3849, 5,0,0:0:0:0:
160, 304, 3849, 5,0,0:0:0:0:
176, 304, 3849, 5,0,0:0:0:0:
192, 304, 3849, 5,0,0:0:0:0:
240, 304, 3849, 5,0,0:0:0:0:
256, 304, 3849, 5,0,0:0:0:0:
272, 304, 3849, 5,0,0:0:0:0:
336, 304, 3849, 5,0,0:0:0:0:
352, 304, 3849, 5,0,0:0:0:0:
448, 304, 3849, 5,0,0:0:0:0:
464, 304, 3849, 5,0,0:0:0:0:
224, 320, 3849, 5,0,0:0:0:0:
240, 320, 3849, 5,0,0:0:0:0:
304, 320, 3849, 5,0,0:0:0:0:
336, 320, 3849, 5,0,0:0:0:0:
352, 320, 3849, 5,0,0:0:0:0:
496, 320, 3849, 5,0,0:0:0:0:
512, 320, 3849, 5,0,0:0:0:0:
0, 336, 3849, 5,0,0:0:0:0:
16, 336, 3849, 5,0,0:0:0:0:
32, 336, 3849, 5,0,0:0:0:0:
48, 336, 3849, 5,0,0:0:0:0:
64, 336, 3849, 5,0,0:0:0:0:
80, 336, 3849, 5,0,0:0:0:0:
96, 336, 3849, 5,0,0:0:0:0:
112, 336, 3849, 5,0,0:0:0:0:
160, 336, 3849, 5,0,0:0:0:0:
176, 336, 3849, 5,0,0:0:0:0:
192, 336, 3849, 5,0,0:0:0:0:
256, 336, 3849, 5,0,0:0:0:0:
272, 336, 3849, 5,0,0:0:0:0:
368, 336, 3849, 5,0,0:0:0:0:
384, 336, 3849, 5,0,0:0:0:0:
448, 336, 3849, 5,0,0:0:0:0:
464, 336, 3849, 5,0,0:0:0:0:
512, 336, 3849, 5,0,0:0:0:0:
144, 352, 3849, 5,0,0:0:0:0:
160, 352, 3849, 5,0,0:0:0:0:
416, 352, 3849, 5,0,0:0:0:0:
432, 352, 3849, 5,0,0:0:0:0:
0, 368, 3849, 5,0,0:0:0:0:
16, 368, 3849, 5,0,0:0:0:0:
32, 368, 3849, 5,0,0:0:0:0:
48, 368, 3849, 5,0,0:0:0:0:
64, 368, 3849, 5,0,0:0:0:0:
80, 368, 3849, 5,0,0:0:0:0:
96, 368, 3849, 5,0,0:0:0:0:
112, 368, 3849, 5,0,0:0:0:0:
160, 368, 3849, 5,0,0:0:0:0:
176, 368, 3849, 5,0,0:0:0:0:
192, 368, 3849, 5,0,0:0:0:0:
256, 368, 3849, 5,0,0:0:0:0:
272, 368, 3849, 5,0,0:0:0:0:
336, 368, 3849, 5,0,0:0:0:0:
352, 368, 3849, 5,0,0:0:0:0:
368, 368, 3849, 5,0,0:0:0:0:
384, 368, 3849, 5,0,0:0:0:0:
432, 368, 3849, 5,0,0:0:0:0:
448, 368, 3849, 5,0,0:0:0:0:
464, 368, 3849, 5,0,0:0:0:0:
480, 368, 3849, 5,0,0:0:0:0:
496, 368, 3849, 5,0,0:0:0:0:
512, 368, 3849, 5,0,0:0:0:0:
224, 384, 3849, 5,0,0:0:0:0:
240, 384, 3849, 5,0,0:0:0:0:
304, 384, 3849, 5,0,0:0:0:0:
320, 384, 3849, 5,0,0:0:0:0:
208, 0, 4277, 5,0,0:0:0:0:
224, 0, 4277, 5,0,0:0:0:0:
288, 0, 4277, 5,0,0:0:0:0:
304, 0, 4277, 5,0,0:0:0:0:
0, 16, 4277, 5,0,0:0:0:0:
16, 16, 4277, 5,0,0:0:0:0:
32, 16, 4277, 5,0,0:0:0:0:
48, 16, 4277, 5,0,0:0:0:0:
64, 16, 4277, 5,0,0:0:0:0:
80, 16, 4277, 5,0,0:0:0:0:
96, 16, 4277, 5,0,0:0:0:0:
144, 16, 4277, 5,0,0:0:0:0:
160, 16, 4277, 5,0,0:0:0:0:
176, 16, 4277, 5,0,0:0:0:0:
240, 16, 4277, 5,0,0:0:0:0:
256, 16, 4277, 5,0,0:0:0:0:
320, 16, 4277, 5,0,0:0:0:0:
336, 16, 4277, 5,0,0:0:0:0:
352, 16, 4277, 5,0,0:0:0:0:
368, 16, 4277, 5,0,0:0:0:0:
416, 16, 4277, 5,0,0:0:0:0:
432, 16, 4277, 5,0,0:0:0:0:
448, 16, 4277, 5,0,0:0:0:0:
464, 16, 4277, 5,0,0:0:0:0:
480, 16, 4277, 5,0,0:0:0:0:
496, 16, 4277, 5,0,0:0:0:0:
512, 16, 4277, 5,0,0:0:0:0:
128, 32, 4277, 5,0,0:0:0:0:
144, 32, 4277, 5,0,0:0:0:0:
400, 32, 4277, 5,0,0:0:0:0:
416, 32, 4277, 5,0,0:0:0:0:
0, 48, 4277, 5,0,0:0:0:0:
16, 48, 4277, 5,0,0:0:0:0:
32, 48, 4277, 5,0,0:0:0:0:
48, 48, 4277, 5,0,0:0:0:0:
64, 48, 4277, 5,0,0:0:0:0:
80, 48, 4277, 5,0,0:0:0:0:
96, 48, 4277, 5,0,0:0:0:0:
144, 48, 4277, 5,0,0:0:0:0:
160, 48, 4277, 5,0,0:0:0:0:
176, 48, 4277, 5,0,0:0:0:0:
240, 48, 4277, 5,0,0:0:0:0:
256, 48, 4277, 5,0,0:0:0:0:
352, 48, 4277, 5,0,0:0:0:0:
368, 48, 4277, 5,0,0:0:0:0:
432, 48, 4277, 5,0,0:0:0:0:
448, 48, 4277, 5,0,0:0:0:0:
496, 48, 4277, 5,0,0:0:0:0:
512, 48, 4277, 5,0,0:0:0:0:
208, 64, 4277, 5,0,0:0:0:0:
224, 64, 4277, 5,0,0:0:0:0:
288, 64, 4277, 5,0,0:0:0:0:
320, 64, 4277, 5,0,0:0:0:0:
336, 64, 4277, 5,0,0:0:0:0:
480, 64, 4277, 5,0,0:0:0:0:
496, 64, 4277, 5,0,0:0:0:0:
0, 80, 4277, 5,0,0:0:0:0:
16, 80, 4277, 5,0,0:0:0:0:
32, 80, 4277, 5,0,0:0:0:0:
48, 80, 4277, 5,0,0:0:0:0:
64, 80, 4277, 5,0,0:0:0:0:
80, 80, 4277, 5,0,0:0:0:0:
96, 80, 4277, 5,0,0:0:0:0:
144, 80, 4277, 5,0,0:0:0:0:
160, 80, 4277, 5,0,0:0:0:0:
176, 80, 4277, 5,0,0:0:0:0:
224, 80, 4277, 5,0,0:0:0:0:
240, 80, 4277, 5,0,0:0:0:0:
256, 80, 4277, 5,0,0:0:0:0:
320, 80, 4277, 5,0,0:0:0:0:
336, 80, 4277, 5,0,0:0:0:0:
432, 80, 4277, 5,0,0:0:0:0:
448, 80, 4277, 5,0,0:0:0:0:
512, 80, 4277, 5,0,0:0:0:0:
128, 96, 4277, 5,0,0:0:0:0:
144, 96, 4277, 5,0,0:0:0:0:
352, 96, 4277, 5,0,0:0:0:0:
368, 96, 4277, 5,0,0:0:0:0:
400, 96, 4277, 5,0,0:0:0:0:
416, 96, 4277, 5,0,0:0:0:0:
0, 112, 4277, 5,0,0:0:0:0:
16, 112, 4277, 5,0,0:0:0:0:
32, 112, 4277, 5,0,0:0:0:0:
48, 112, 4277, 5,0,0:0:0:0:
64, 112, 4277, 5,0,0:0:0:0:
80, 112, 4277, 5,0,0:0:0:0:
96, 112, 4277, 5,0,0:0:0:0:
160, 112, 4277, 5,0,0:0:0:0:
176, 112, 4277, 5,0,0:0:0:0:
192, 112, 4277, 5,0,0:0:0:0:
208, 112, 4277, 5,0,0:0:0:0:
224, 112, 4277, 5,0,0:0:0:0:
400, 112, 4277, 5,0,0:0:0:0:
416, 112, 4277, 5,0,0:0:0:0:
512, 112, 4277, 5,0,0:0:0:0:
176, 128, 4277, 5,0,0:0:0:0:
432, 128, 4277, 5,0,0:0:0:0:
448, 128, 4277, 5,0,0:0:0:0:
480, 128, 4277, 5,0,0:0:0:0:
496, 128, 4277, 5,0,0:0:0:0:
0, 144, 4277, 5,0,0:0:0:0:
16, 144, 4277, 5,0,0:0:0:0:
32, 144, 4277, 5,0,0:0:0:0:
48, 144, 4277, 5,0,0:0:0:0:
64, 144, 4277, 5,0,0:0:0:0:
80, 144, 4277, 5,0,0:0:0:0:
96, 144, 4277, 5,0,0:0:0:0:
192, 144, 4277, 5,0,0:0:0:0:
480, 144, 4277, 5,0,0:0:0:0:
496, 144, 4277, 5,0,0:0:0:0:
128, 160, 4277, 5,0,0:0:0:0:
160, 160, 4277, 5,0,0:0:0:0:
224, 160, 4277, 5,0,0:0:0:0:
256, 160, 4277, 5,0,0:0:0:0:
288, 160, 4277, 5,0,0:0:0:0:
304, 160, 4277, 5,0,0:0:0:0:
512, 160, 4277, 5,0,0:0:0:0:
0, 176, 4277, 5,0,0:0:0:0:
16, 176, 4277, 5,0,0:0:0:0:
32, 176, 4277, 5,0,0:0:0:0:
48, 176, 4277, 5,0,0:0:0:0:
64, 176, 4277, 5,0,0:0:0:0:
80, 176, 4277, 5,0,0:0:0:0:
96, 176, 4277, 5,0,0:0:0:0:
160, 176, 4277, 5,0,0:0:0:0:
192, 176, 4277, 5,0,0:0:0:0:
288, 176, 4277, 5,0,0:0:0:0:
304, 176, 4277, 5,0,0:0:0:0:
208, 192, 4277, 5,0,0:0:0:0:
320, 192, 4277, 5,0,0:0:0:0:
416, 192, 4277, 5,0,0:0:0:0:
432, 192, 4277, 5,0,0:0:0:0:
0, 208, 4277, 5,0,0:0:0:0:
16, 208, 4277, 5,0,0:0:0:0:
32, 208, 4277, 5,0,0:0:0:0:
48, 208, 4277, 5,0,0:0:0:0:
64, 208, 4277, 5,0,0:0:0:0:
80, 208, 4277, 5,0,0:0:0:0:
96, 208, 4277, 5,0,0:0:0:0:
160, 208, 4277, 5,0,0:0:0:0:
192, 208, 4277, 5,0,0:0:0:0:
288, 208, 4277, 5,0,0:0:0:0:
304, 208, 4277, 5,0,0:0:0:0:
128, 224, 4277, 5,0,0:0:0:0:
160, 224, 4277, 5,0,0:0:0:0:
224, 224, 4277, 5,0,0:0:0:0:
256, 224, 4277, 5,0,0:0:0:0:
288, 224, 4277, 5,0,0:0:0:0:
304, 224, 4277, 5,0,0:0:0:0:
512, 224, 4277, 5,0,0:0:0:0:
0, 240, 4277, 5,0,0:0:0:0:
16, 240, 4277, 5,0,0:0:0:0:
32, 240, 4277, 5,0,0:0:0:0:
48, 240, 4277, 5,0,0:0:0:0:
64, 240, 4277, 5,0,0:0:0:0:
80, 240, 4277, 5,0,0:0:0:0:
96, 240, 4277, 5,0,0:0:0:0:
192, 240, 4277, 5,0,0:0:0:0:
480, 240, 4277, 5,0,0:0:0:0:
496, 240, 4277, 5,0,0:0:0:0:
176, 256, 4277, 5,0,0:0:0:0:
432, 256, 4277, 5,0,0:0:0:0:
448, 256, 4277, 5,0,0:0:0:0:
480, 256, 4277, 5,0,0:0:0:0:
496, 256, 4277, 5,0,0:0:0:0:
0, 272, 4277, 5,0,0:0:0:0:
16, 272, 4277, 5,0,0:0:0:0:
32, 272, 4277, 5,0,0:0:0:0:
48, 272, 4277, 5,0,0:0:0:0:
64, 272, 4277, 5,0,0:0:0:0:
80, 272, 4277, 5,0,0:0:0:0:
96, 272, 4277, 5,0,0:0:0:0:
160, 272, 4277, 5,0,0:0:0:0:
176, 272, 4277, 5,0,0:0:0:0:
192, 272, 4277, 5,0,0:0:0:0:
208, 272, 4277, 5,0,0:0:0:0:
224, 272, 4277, 5,0,0:0:0:0:
400, 272, 4277, 5,0,0:0:0:0:
416, 272, 4277, 5,0,0:0:0:0:
512, 272, 4277, 5,0,0:0:0:0:
128, 288, 4277, 5,0,0:0:0:0:
144, 288, 4277, 5,0,0:0:0:0:
352, 288, 4277, 5,0,0:0:0:0:
368, 288, 4277, 5,0,0:0:0:0:
400, 288, 4277, 5,0,0:0:0:0:
416, 288, 4277, 5,0,0:0:0:0:
0, 304, 4277, 5,0,0:0:0:0:
16, 304, 4277, 5,0,0:0:0:0:
32, 304, 4277, 5,0,0:0:0:0:
48, 304, 4277, 5,0,0:0:0:0:
64, 304, 4277, 5,0,0:0:0:0:
80, 304, 4277, 5,0,0:0:0:0:
96, 304, 4277, 5,0,0:0:0:0:
144, 304, 4277, 5,0,0:0:0:0:
160, 304, 4277, 5,0,0:0:0:0:
176, 304, 4277, 5,0,0:0:0:0:
224, 304, 4277, 5,0,0:0:0:0:
240, 304, 4277, 5,0,0:0:0:0:
256, 304, 4277, 5,0,0:0:0:0:
320, 304, 4277, 5,0,0:0:0:0:
336, 304, 4277, 5,0,0:0:0:0:
432, 304, 4277, 5,0,0:0:0:0:
448, 304, 4277, 5,0,0:0:0:0:
512, 304, 4277, 5,0,0:0:0:0:
208, 320, 4277, 5,0,0:0:0:0:
224, 320, 4277, 5,0,0:0:0:0:
288, 320, 4277, 5,0,0:0:0:0:
320, 320, 4277, 5,0,0:0:0:0:
336, 320, 4277, 5,0,0:0:0:0:
480, 320, 4277, 5,0,0:0:0:0:
496, 320, 4277, 5,0,0:0:0:0:
0, 336, 4277, 5,0,0:0:0:0:
16, 336, 4277, 5,0,0:0:0:0:
32, 336, 4277, 5,0,0:0:0:0:
48, 336, 4277, 5,0,0:0:0:0:
64, 336, 4277, 5,0,0:0:0:0:
80, 336, 4277, 5,0,0:0:0:0:
96, 336, 4277, 5,0,0:0:0:0:
144, 336, 4277, 5,0,0:0:0:0:
160, 336, 4277, 5,0,0:0:0:0:
176, 336, 4277, 5,0,0:0:0:0:
240, 336, 4277, 5,0,0:0:0:0:
256, 336, 4277, 5,0,0:0:0:0:
352, 336, 4277, 5,0,0:0:0:0:
368, 336, 4277, 5,0,0:0:0:0:
432, 336, 4277, 5,0,0:0:0:0:
448, 336, 4277, 5,0,0:0:0:0:
496, 336, 4277, 5,0,0:0:0:0:
512, 336, 4277, 5,0,0:0:0:0:
128, 352, 4277, 5,0,0:0:0:0:
144, 352, 4277, 5,0,0:0:0:0:
400, 352, 4277, 5,0,0:0:0:0:
416, 352, 4277, 5,0,0:0:0:0:
0, 368, 4277, 5,0,0:0:0:0:
16, 368, 4277, 5,0,0:0:0:0:
32, 368, 4277, 5,0,0:0:0:0:
48, 368, 4277, 5,0,0:0:0:0:
64, 368, 4277, 5,0,0:0:0:0:
80, 368, 4277, 5,0,0:0:0:0:
96, 368, 4277, 5,0,0:0:0:0:
144, 368, 4277, 5,0,0:0:0:0:
160, 368, 4277, 5,0,0:0:0:0:
176, 368, 4277, 5,0,0:0:0:0:
240, 368, 4277, 5,0,0:0:0:0:
256, 368, 4277, 5,0,0:0:0:0:
320, 368, 4277, 5,0,0:0:0:0:
336, 368, 4277, 5,0,0:0:0:0:
352, 368, 4277, 5,0,0:0:0:0:
368, 368, 4277, 5,0,0:0:0:0:
416, 368, 4277, 5,0,0:0:0:0:
432, 368, 4277, 5,0,0:0:0:0:
448, 368, 4277, 5,0,0:0:0:0:
464, 368, 4277, 5,0,0:0:0:0:
480, 368, 4277, 5,0,0:0:0:0:
496, 368, 4277, 5,0,0:0:0:0:
512, 368, 4277, 5,0,0:0:0:0:
208, 384, 4277, 5,0,0:0:0:0:
224, 384, 4277, 5,0,0:0:0:0:
288, 384, 4277, 5,0,0:0:0:0:
304, 384, 4277, 5,0,0:0:0:0:
192, 0, 4706, 5,0,0:0:0:0:
208, 0, 4706, 5,0,0:0:0:0:
272, 0, 4706, 5,0,0:0:0:0:
288, 0, 4706, 5,0,0:0:0:0:
0, 16, 4706, 5,0,0:0:0:0:
16, 16, 4706, 5,0,0:0:0:0:
32, 16, 4706, 5,0,0:0:0:0:
48, 16, 4706, 5,0,0:0:0:0:
64, 16, 4706, 5,0,0:0:0:0:
80, 16, 4706, 5,0,0:0:0:0:
128, 16, 4706, 5,0,0:0:0:0:
144, 16, 4706, 5,0,0:0:0:0:
160, 16, 4706, 5,0,0:0:0:0:
224, 16, 4706, 5,0,0:0:0:0:
240, 16, 4706, 5,0,0:0:0:0:
304, 16, 4706, 5,0,0:0:0:0:
320, 16, 4706, 5,0,0:0:0:0:
336, 16, 4706, 5,0,0:0:0:0:
352, 16, 4706, 5,0,0:0:0:0:
400, 16, 4706, 5,0,0:0:0:0:
416, 16, 4706, 5,0,0:0:0:0:
432, 16, 4706, 5,0,0:0:0:0:
448, 16, 4706, 5,0,0:0:0:0:
464, 16, 4706, 5,0,0:0:0:0:
480, 16, 4706, 5,0,0:0:0:0:
496, 16, 4706, 5,0,0:0:0:0:
512, 16, 4706, 5,0,0:0:0:0:
112, 32, 4706, 5,0,0:0:0:0:
128, 32, 4706, 5,0,0:0:0:0:
384, 32, 4706, 5,0,0:0:0:0:
400, 32, 4706, 5,0,0:0:0:0:
0, 48, 4706, 5,0,0:0:0:0:
16, 48, 4706, 5,0,0:0:0:0:
32, 48, 4706, 5,0,0:0:0:0:
48, 48, 4706, 5,0,0:0:0:0:
64, 48, 4706, 5,0,0:0:0:0:
80, 48, 4706, 5,0,0:0:0:0:
128, 48, 4706, 5,0,0:0:0:0:
144, 48, 4706, 5,0,0:0:0:0:
160, 48, 4706, 5,0,0:0:0:0:
224, 48, 4706, 5,0,0:0:0:0:
240, 48, 4706, 5,0,0:0:0:0:
336, 48, 4706, 5,0,0:0:0:0:
352, 48, 4706, 5,0,0:0:0:0:
416, 48, 4706, 5,0,0:0:0:0:
432, 48, 4706, 5,0,0:0:0:0:
480, 48, 4706, 5,0,0:0:0:0:
496, 48, 4706, 5,0,0:0:0:0:
512, 48, 4706, 5,0,0:0:0:0:
192, 64, 4706, 5,0,0:0:0:0:
208, 64, 4706, 5,0,0:0:0:0:
272, 64, 4706, 5,0,0:0:0:0:
304, 64, 4706, 5,0,0:0:0:0:
320, 64, 4706, 5,0,0:0:0:0:
464, 64, 4706, 5,0,0:0:0:0:
480, 64, 4706, 5,0,0:0:0:0:
0, 80, 4706, 5,0,0:0:0:0:
16, 80, 4706, 5,0,0:0:0:0:
32, 80, 4706, 5,0,0:0:0:0:
48, 80, 4706, 5,0,0:0:0:0:
64, 80, 4706, 5,0,0:0:0:0:
80, 80, 4706, 5,0,0:0:0:0:
128, 80, 4706, 5,0,0:0:0:0:
144, 80, 4706, 5,0,0:0:0:0:
160, 80, 4706, 5,0,0:0:0:0:
208, 80, 4706, 5,0,0:0:0:0:
224, 80, 4706, 5,0,0:0:0:0:
240, 80, 4706, 5,0,0:0:0:0:
304, 80, 4706, 5,0,0:0:0:0:
320, 80, 4706, 5,0,0:0:0:0:
416, 80, 4706, 5,0,0:0:0:0:
432, 80, 4706, 5,0,0:0:0:0:
496, 80, 4706, 5,0,0:0:0:0:
512, 80, 4706, 5,0,0:0:0:0:
112, 96, 4706, 5,0,0:0:0:0:
128, 96, 4706, 5,0,0:0:0:0:
336, 96, 4706, 5,0,0:0:0:0:
352, 96, 4706, 5,0,0:0:0:0:
384, 96, 4706, 5,0,0:0:0:0:
400, 96, 4706, 5,0,0:0:0:0:
0, 112, 4706, 5,0,0:0:0:0:
16, 112, 4706, 5,0,0:0:0:0:
32, 112, 4706, 5,0,0:0:0:0:
48, 112, 4706, 5,0,0:0:0:0:
64, 112, 4706, 5,0,0:0:0:0:
80, 112, 4706, 5,0,0:0:0:0:
144, 112, 4706, 5,0,0:0:0:0:
160, 112, 4706, 5,0,0:0:0:0:
176, 112, 4706, 5,0,0:0:0:0:
192, 112, 4706, 5,0,0:0:0:0:
208, 112, 4706, 5,0,0:0:0:0:
384, 112, 4706, 5,0,0:0:0:0:
400, 112, 4706, 5,0,0:0:0:0:
496, 112, 4706, 5,0,0:0:0:0:
512, 112, 4706, 5,0,0:0:0:0:
160, 128, 4706, 5,0,0:0:0:0:
416, 128, 4706, 5,0,0:0:0:0:
432, 128, 4706, 5,0,0:0:0:0:
464, 128, 4706, 5,0,0:0:0:0:
480, 128, 4706, 5,0,0:0:0:0:
0, 144, 4706, 5,0,0:0:0:0:
16, 144, 4706, 5,0,0:0:0:0:
32, 144, 4706, 5,0,0:0:0:0:
48, 144, 4706, 5,0,0:0:0:0:
64, 144, 4706, 5,0,0:0:0:0:
80, 144, 4706, 5,0,0:0:0:0:
176, 144, 4706, 5,0,0:0:0:0:
464, 144, 4706, 5,0,0:0:0:0:
480, 144, 4706, 5,0,0:0:0:0:
112, 160, 4706, 5,0,0:0:0:0:
144, 160, 4706, 5,0,0:0:0:0:
208, 160, 4706, 5,0,0:0:0:0:
272, 160, 4706, 5,0,0:0:0:0:
288, 160, 4706, 5,0,0:0:0:0:
304, 160, 4706, 5,0,0:0:0:0:
496, 160, 4706, 5,0,0:0:0:0:
512, 160, 4706, 5,0,0:0:0:0:
0, 176, 4706, 5,0,0:0:0:0:
16, 176, 4706, 5,0,0:0:0:0:
32, 176, 4706, 5,0,0:0:0:0:
48, 176, 4706, 5,0,0:0:0:0:
64, 176, 4706, 5,0,0:0:0:0:
80, 176, 4706, 5,0,0:0:0:0:
144, 176, 4706, 5,0,0:0:0:0:
176, 176, 4706, 5,0,0:0:0:0:
208, 176, 4706, 5,0,0:0:0:0:
272, 176, 4706, 5,0,0:0:0:0:
288, 176, 4706, 5,0,0:0:0:0:
320, 176, 4706, 5,0,0:0:0:0:
512, 176, 4706, 5,0,0:0:0:0:
192, 192, 4706, 5,0,0:0:0:0:
208, 192, 4706, 5,0,0:0:0:0:
320, 192, 4706, 5,0,0:0:0:0:
0, 208, 4706, 5,0,0:0:0:0:
16, 208, 4706, 5,0,0:0:0:0:
32, 208, 4706, 5,0,0:0:0:0:
48, 208, 4706, 5,0,0:0:0:0:
64, 208, 4706, 5,0,0:0:0:0:
80, 208, 4706, 5,0,0:0:0:0:
144, 208, 4706, 5,0,0:0:0:0:
176, 208, 4706, 5,0,0:0:0:0:
208, 208, 4706, 5,0,0:0:0:0:
272, 208, 4706, 5,0,0:0:0:0:
288, 208, 4706, 5,0,0:0:0:0:
320, 208, 4706, 5,0,0:0:0:0:
512, 208, 4706, 5,0,0:0:0:0:
112, 224, 4706, 5,0,0:0:0:0:
144, 224, 4706, 5,0,0:0:0:0:
208, 224, 4706, 5,0,0:0:0:0:
272, 224, 4706, 5,0,0:0:0:0:
288, 224, 4706, 5,0,0:0:0:0:
304, 224, 4706, 5,0,0:0:0:0:
496, 224, 4706, 5,0,0:0:0:0:
512, 224, 4706, 5,0,0:0:0:0:
0, 240, 4706, 5,0,0:0:0:0:
16, 240, 4706, 5,0,0:0:0:0:
32, 240, 4706, 5,0,0:0:0:0:
48, 240, 4706, 5,0,0:0:0:0:
64, 240, 4706, 5,0,0:0:0:0:
80, 240, 4706, 5,0,0:0:0:0:
176, 240, 4706, 5,0,0:0:0:0:
464, 240, 4706, 5,0,0:0:0:0:
480, 240, 4706, 5,0,0:0:0:0:
160, 256, 4706, 5,0,0:0:0:0:
416, 256, 4706, 5,0,0:0:0:0:
432, 256, 4706, 5,0,0:0:0:0:
464, 256, 4706, 5,0,0:0:0:0:
480, 256, 4706, 5,0,0:0:0:0:
0, 272, 4706, 5,0,0:0:0:0:
16, 272, 4706, 5,0,0:0:0:0:
32, 272, 4706, 5,0,0:0:0:0:
48, 272, 4706, 5,0,0:0:0:0:
64, 272, 4706, 5,0,0:0:0:0:
80, 272, 4706, 5,0,0:0:0:0:
144, 272, 4706, 5,0,0:0:0:0:
160, 272, 4706, 5,0,0:0:0:0:
176, 272, 4706, 5,0,0:0:0:0:
192, 272, 4706, 5,0,0:0:0:0:
208, 272, 4706, 5,0,0:0:0:0:
384, 272, 4706, 5,0,0:0:0:0:
400, 272, 4706, 5,0,0:0:0:0:
496, 272, 4706, 5,0,0:0:0:0:
512, 272, 4706, 5,0,0:0:0:0:
112, 288, 4706, 5,0,0:0:0:0:
128, 288, 4706, 5,0,0:0:0:0:
336, 288, 4706, 5,0,0:0:0:0:
352, 288, 4706, 5,0,0:0:0:0:
384, 288, 4706, 5,0,0:0:0:0:
400, 288, 4706, 5,0,0:0:0:0:
0, 304, 4706, 5,0,0:0:0:0:
16, 304, 4706, 5,0,0:0:0:0:
32, 304, 4706, 5,0,0:0:0:0:
48, 304, 4706, 5,0,0:0:0:0:
64, 304, 4706, 5,0,0:0:0:0:
80, 304, 4706, 5,0,0:0:0:0:
128, 304, 4706, 5,0,0:0:0:0:
144, 304, 4706, 5,0,0:0:0:0:
160, 304, 4706, 5,0,0:0:0:0:
208, 304, 4706, 5,0,0:0:0:0:
224, 304, 4706, 5,0,0:0:0:0:
240, 304, 4706, 5,0,0:0:0:0:
304, 304, 4706, 5,0,0:0:0:0:
320, 304, 4706, 5,0,0:0:0:0:
416, 304, 4706, 5,0,0:0:0:0:
432, 304, 4706, 5,0,0:0:0:0:
496, 304, 4706, 5,0,0:0:0:0:
512, 304, 4706, 5,0,0:0:0:0:
192, 320, 4706, 5,0,0:0:0:0:
208, 320, 4706, 5,0,0:0:0:0:
272, 320, 4706, 5,0,0:0:0:0:
304, 320, 4706, 5,0,0:0:0:0:
320, 320, 4706, 5,0,0:0:0:0:
464, 320, 4706, 5,0,0:0:0:0:
480, 320, 4706, 5,0,0:0:0:0:
0, 336, 4706, 5,0,0:0:0:0:
16, 336, 4706, 5,0,0:0:0:0:
32, 336, 4706, 5,0,0:0:0:0:
48, 336, 4706, 5,0,0:0:0:0:
64, 336, 4706, 5,0,0:0:0:0:
80, 336, 4706, 5,0,0:0:0:0:
128, 336, 4706, 5,0,0:0:0:0:
144, 336, 4706, 5,0,0:0:0:0:
160, 336, 4706, 5,0,0:0:0:0:
224, 336, 4706, 5,0,0:0:0:0:
240, 336, 4706, 5,0,0:0:0:0:
336, 336, 4706, 5,0,0:0:0:0:
352, 336, 4706, 5,0,0:0:0:0:
416, 336, 4706, 5,0,0:0:0:0:
432, 336, 4706, 5,0,0:0:0:0:
480, 336, 4706, 5,0,0:0:0:0:
496, 336, 4706, 5,0,0:0:0:0:
512, 336, 4706, 5,0,0:0:0:0:
112, 352, 4706, 5,0,0:0:0:0:
128, 352, 4706, 5,0,0:0:0:0:
384, 352, 4706, 5,0,0:0:0:0:
400, 352, 4706, 5,0,0:0:0:0:
0, 368, 4706, 5,0,0:0:0:0:
16, 368, 4706, 5,0,0:0:0:0:
32, 368, 4706, 5,0,0:0:0:0:
48, 368, 4706, 5,0,0:0:0:0:
64, 368, 4706, 5,0,0:0:0:0:
80, 368, 4706, 5,0,0:0:0:0:
128, 368, 4706, 5,0,0:0:0:0:
144, 368, 4706, 5,0,0:0:0:0:
160, 368, 4706, 5,0,0:0:0:0:
224, 368, 4706, 5,0,0:0:0:0:
240, 368, 4706, 5,0,0:0:0:0:
304, 368, 4706, 5,0,0:0:0:0:
320, 368, 4706, 5,0,0:0:0:0:
336, 368, 4706, 5,0,0:0:0:0:
352, 368, 4706, 5,0,0:0:0:0:
400, 368, 4706, 5,0,0:0:0:0:
416, 368, 4706, 5,0,0:0:0:0:
432, 368, 4706, 5,0,0:0:0:0:
448, 368, 4706, 5,0,0:0:0:0:
464, 368, 4706, 5,0,0:0:0:0:
480, 368, 4706, 5,0,0:0:0:0:
496, 368, 4706, 5,0,0:0:0:0:
512, 368, 4706, 5,0,0:0:0:0:
192, 384, 4706, 5,0,0:0:0:0:
208, 384, 4706, 5,0,0:0:0:0:
272, 384, 4706, 5,0,0:0:0:0:
288, 384, 4706, 5,0,0:0:0:0:
176, 0, 5135, 5,0,0:0:0:0:
192, 0, 5135, 5,0,0:0:0:0:
256, 0, 5135, 5,0,0:0:0:0:
272, 0, 5135, 5,0,0:0:0:0:
0, 16, 5135, 5,0,0:0:0:0:
16, 16, 5135, 5,0,0:0:0:0:
32, 16, 5135, 5,0,0:0:0:0:
48, 16, 5135, 5,0,0:0:0:0:
64, 16, 5135, 5,0,0:0:0:0:
112, 16, 5135, 5,0,0:0:0:0:
128, 16, 5135, 5,0,0:0:0:0:
144, 16, 5135, 5,0,0:0:0:0:
208, 16, 5135, 5,0,0:0:0:0:
224, 16, 5135, 5,0,0:0:0:0:
288, 16, 5135, 5,0,0:0:0:0:
304, 16, 5135, 5,0,0:0:0:0:
320, 16, 5135, 5,0,0:0:0:0:
336, 16, 5135, 5,0,0:0:0:0:
384, 16, 5135, 5,0,0:0:0:0:
400, 16, 5135, 5,0,0:0:0:0:
416, 16, 5135, 5,0,0:0:0:0:
432, 16, 5135, 5,0,0:0:0:0:
448, 16, 5135, 5,0,0:0:0:0:
464, 16, 5135, 5,0,0:0:0:0:
480, 16, 5135, 5,0,0:0:0:0:
496, 16, 5135, 5,0,0:0:0:0:
512, 16, 5135, 5,0,0:0:0:0:
96, 32, 5135, 5,0,0:0:0:0:
112, 32, 5135, 5,0,0:0:0:0:
368, 32, 5135, 5,0,0:0:0:0:
384, 32, 5135, 5,0,0:0:0:0:
0, 48, 5135, 5,0,0:0:0:0:
16, 48, 5135, 5,0,0:0:0:0:
32, 48, 5135, 5,0,0:0:0:0:
48, 48, 5135, 5,0,0:0:0:0:
64, 48, 5135, 5,0,0:0:0:0:
112, 48, 5135, 5,0,0:0:0:0:
128, 48, 5135, 5,0,0:0:0:0:
144, 48, 5135, 5,0,0:0:0:0:
208, 48, 5135, 5,0,0:0:0:0:
224, 48, 5135, 5,0,0:0:0:0:
320, 48, 5135, 5,0,0:0:0:0:
336, 48, 5135, 5,0,0:0:0:0:
400, 48, 5135, 5,0,0:0:0:0:
416, 48, 5135, 5,0,0:0:0:0:
464, 48, 5135, 5,0,0:0:0:0:
480, 48, 5135, 5,0,0:0:0:0:
496, 48, 5135, 5,0,0:0:0:0:
512, 48, 5135, 5,0,0:0:0:0:
176, 64, 5135, 5,0,0:0:0:0:
192, 64, 5135, 5,0,0:0:0:0:
256, 64, 5135, 5,0,0:0:0:0:
288, 64, 5135, 5,0,0:0:0:0:
304, 64, 5135, 5,0,0:0:0:0:
448, 64, 5135, 5,0,0:0:0:0:
464, 64, 5135, 5,0,0:0:0:0:
0, 80, 5135, 5,0,0:0:0:0:
16, 80, 5135, 5,0,0:0:0:0:
32, 80, 5135, 5,0,0:0:0:0:
48, 80, 5135, 5,0,0:0:0:0:
64, 80, 5135, 5,0,0:0:0:0:
112, 80, 5135, 5,0,0:0:0:0:
128, 80, 5135, 5,0,0:0:0:0:
144, 80, 5135, 5,0,0:0:0:0:
192, 80, 5135, 5,0,0:0:0:0:
208, 80, 5135, 5,0,0:0:0:0:
224, 80, 5135, 5,0,0:0:0:0:
288, 80, 5135, 5,0,0:0:0:0:
304, 80, 5135, 5,0,0:0:0:0:
400, 80, 5135, 5,0,0:0:0:0:
416, 80, 5135, 5,0,0:0:0:0:
480, 80, 5135, 5,0,0:0:0:0:
496, 80, 5135, 5,0,0:0:0:0:
512, 80, 5135, 5,0,0:0:0:0:
96, 96, 5135, 5,0,0:0:0:0:
112, 96, 5135, 5,0,0:0:0:0:
320, 96, 5135, 5,0,0:0:0:0:
336, 96, 5135, 5,0,0:0:0:0:
368, 96, 5135, 5,0,0:0:0:0:
384, 96, 5135, 5,0,0:0:0:0:
0, 112, 5135, 5,0,0:0:0:0:
16, 112, 5135, 5,0,0:0:0:0:
32, 112, 5135, 5,0,0:0:0:0:
48, 112, 5135, 5,0,0:0:0:0:
64, 112, 5135, 5,0,0:0:0:0:
128, 112, 5135, 5,0,0:0:0:0:
144, 112, 5135, 5,0,0:0:0:0:
160, 112, 5135, 5,0,0:0:0:0:
176, 112, 5135, 5,0,0:0:0:0:
192, 112, 5135, 5,0,0:0:0:0:
368, 112, 5135, 5,0,0:0:0:0:
384, 112, 5135, 5,0,0:0:0:0:
480, 112, 5135, 5,0,0:0:0:0:
496, 112, 5135, 5,0,0:0:0:0:
512, 112, 5135, 5,0,0:0:0:0:
144, 128, 5135, 5,0,0:0:0:0:
400, 128, 5135, 5,0,0:0:0:0:
416, 128, 5135, 5,0,0:0:0:0:
448, 128, 5135, 5,0,0:0:0:0:
464, 128, 5135, 5,0,0:0:0:0:
0, 144, 5135, 5,0,0:0:0:0:
16, 144, 5135, 5,0,0:0:0:0:
32, 144, 5135, 5,0,0:0:0:0:
48, 144, 5135, 5,0,0:0:0:0:
64, 144, 5135, 5,0,0:0:0:0:
160, 144, 5135, 5,0,0:0:0:0:
288, 144, 5135, 5,0,0:0:0:0:
448, 144, 5135, 5,0,0:0:0:0:
464, 144, 5135, 5,0,0:0:0:0:
512, 144, 5135, 5,0,0:0:0:0:
96, 160, 5135, 5,0,0:0:0:0:
128, 160, 5135, 5,0,0:0:0:0:
272, 160, 5135, 5,0,0:0:0:0:
304, 160, 5135, 5,0,0:0:0:0:
480, 160, 5135, 5,0,0:0:0:0:
496, 160, 5135, 5,0,0:0:0:0:
0, 176, 5135, 5,0,0:0:0:0:
16, 176, 5135, 5,0,0:0:0:0:
32, 176, 5135, 5,0,0:0:0:0:
48, 176, 5135, 5,0,0:0:0:0:
64, 176, 5135, 5,0,0:0:0:0:
128, 176, 5135, 5,0,0:0:0:0:
160, 176, 5135, 5,0,0:0:0:0:
208, 176, 5135, 5,0,0:0:0:0:
224, 176, 5135, 5,0,0:0:0:0:
272, 176, 5135, 5,0,0:0:0:0:
320, 176, 5135, 5,0,0:0:0:0:
496, 176, 5135, 5,0,0:0:0:0:
512, 176, 5135, 5,0,0:0:0:0:
176, 192, 5135, 5,0,0:0:0:0:
208, 192, 5135, 5,0,0:0:0:0:
224, 192, 5135, 5,0,0:0:0:0:
320, 192, 5135, 5,0,0:0:0:0:
336, 192, 5135, 5,0,0:0:0:0:
0, 208, 5135, 5,0,0:0:0:0:
16, 208, 5135, 5,0,0:0:0:0:
32, 208, 5135, 5,0,0:0:0:0:
48, 208, 5135, 5,0,0:0:0:0:
64, 208, 5135, 5,0,0:0:0:0:
128, 208, 5135, 5,0,0:0:0:0:
160, 208, 5135, 5,0,0:0:0:0:
208, 208, 5135, 5,0,0:0:0:0:
224, 208, 5135, 5,0,0:0:0:0:
272, 208, 5135, 5,0,0:0:0:0:
320, 208, 5135, 5,0,0:0:0:0:
496, 208, 5135, 5,0,0:0:0:0:
512, 208, 5135, 5,0,0:0:0:0:
96, 224, 5135, 5,0,0:0:0:0:
128, 224, 5135, 5,0,0:0:0:0:
272, 224, 5135, 5,0,0:0:0:0:
304, 224, 5135, 5,0,0:0:0:0:
480, 224, 5135, 5,0,0:0:0:0:
496, 224, 5135, 5,0,0:0:0:0:
0, 240, 5135, 5,0,0:0:0:0:
16, 240, 5135, 5,0,0:0:0:0:
32, 240, 5135, 5,0,0:0:0:0:
48, 240, 5135, 5,0,0:0:0:0:
64, 240, 5135, 5,0,0:0:0:0:
160, 240, 5135, 5,0,0:0:0:0:
288, 240, 5135, 5,0,0:0:0:0:
448, 240, 5135, 5,0,0:0:0:0:
464, 240, 5135, 5,0,0:0:0:0:
512, 240, 5135, 5,0,0:0:0:0:
144, 256, 5135, 5,0,0:0:0:0:
400, 256, 5135, 5,0,0:0:0:0:
416, 256, 5135, 5,0,0:0:0:0:
448, 256, 5135, 5,0,0:0:0:0:
464, 256, 5135, 5,0,0:0:0:0:
0, 272, 5135, 5,0,0:0:0:0:
16, 272, 5135, 5,0,0:0:0:0:
32, 272, 5135, 5,0,0:0:0:0:
48, 272, 5135, 5,0,0:0:0:0:
64, 272, 5135, 5,0,0:0:0:0:
128, 272, 5135, 5,0,0:0:0:0:
144, 272, 5135, 5,0,0:0:0:0:
160, 272, 5135, 5,0,0:0:0:0:
176, 272, 5135, 5,0,0:0:0:0:
192, 272, 5135, 5,0,0:0:0:0:
368, 272, 5135, 5,0,0:0:0:0:
384, 272, 5135, 5,0,0:0:0:0:
480, 272, 5135, 5,0,0:0:0:0:
496, 272, 5135, 5,0,0:0:0:0:
512, 272, 5135, 5,0,0:0:0:0:
96, 288, 5135, 5,0,0:0:0:0:
112, 288, 5135, 5,0,0:0:0:0:
320, 288, 5135, 5,0,0:0:0:0:
336, 288, 5135, 5,0,0:0:0:0:
368, 288, 5135, 5,0,0:0:0:0:
384, 288, 5135, 5,0,0:0:0:0:
0, 304, 5135, 5,0,0:0:0:0:
16, 304, 5135, 5,0,0:0:0:0:
32, 304, 5135, 5,0,0:0:0:0:
48, 304, 5135, 5,0,0:0:0:0:
64, 304, 5135, 5,0,0:0:0:0:
112, 304, 5135, 5,0,0:0:0:0:
128, 304, 5135, 5,0,0:0:0:0:
144, 304, 5135, 5,0,0:0:0:0:
192, 304, 5135, 5,0,0:0:0:0:
208, 304, 5135, 5,0,0:0:0:0:
224, 304, 5135, 5,0,0:0:0:0:
288, 304, 5135, 5,0,0:0:0:0:
304, 304, 5135, 5,0,0:0:0:0:
400, 304, 5135, 5,0,0:0:0:0:
416, 304, 5135, 5,0,0:0:0:0:
480, 304, 5135, 5,0,0:0:0:0:
496, 304, 5135, 5,0,0:0:0:0:
512, 304, 5135, 5,0,0:0:0:0:
176, 320, 5135, 5,0,0:0:0:0:
192, 320, 5135, 5,0,0:0:0:0:
256, 320, 5135, 5,0,0:0:0:0:
288, 320, 5135, 5,0,0:0:0:0:
304, 320, 5135, 5,0,0:0:0:0:
448, 320, 5135, 5,0,0:0:0:0:
464, 320, 5135, 5,0,0:0:0:0:
0, 336, 5135, 5,0,0:0:0:0:
16, 336, 5135, 5,0,0:0:0:0:
32, 336, 5135, 5,0,0:0:0:0:
48, 336, 5135, 5,0,0:0:0:0:
64, 336, 5135, 5,0,0:0:0:0:
112, 336, 5135, 5,0,0:0:0:0:
128, 336, 5135, 5,0,0:0:0:0:
144, 336, 5135, 5,0,0:0:0:0:
208, 336, 5135, 5,0,0:0:0:0:
224, 336, 5135, 5,0,0:0:0:0:
320, 336, 5135, 5,0,0:0:0:0:
336, 336, 5135, 5,0,0:0:0:0:
400, 336, 5135, 5,0,0:0:0:0:
416, 336, 5135, 5,0,0:0:0:0:
464, 336, 5135, 5,0,0:0:0:0:
480, 336, 5135, 5,0,0:0:0:0:
496, 336, 5135, 5,0,0:0:0:0:
512, 336, 5135, 5,0,0:0:0:0:
96, 352, 5135, 5,0,0:0:0:0:
112, 352, 5135, 5,0,0:0:0:0:
368, 352, 5135, 5,0,0:0:0:0:
384, 352, 5135, 5,0,0:0:0:0:
0, 368, 5135, 5,0,0:0:0:0:
16, 368, 5135, 5,0,0:0:0:0:
32, 368, 5135, 5,0,0:0:0:0:
48, 368, 5135, 5,0,0:0:0:0:
64, 368, 5135, 5,0,0:0:0:0:
112, 368, 5135, 5,0,0:0:0:0:
128, 368, 5135, 5,0,0:0:0:0:
144, 368, 5135, 5,0,0:0:0:0:
208, 368, 5135, 5,0,0:0:0:0:
224, 368, 5135, 5,0,0:0:0:0:
288, 368, 5135, 5,0,0:0:0:0:
304, 368, 5135, 5,0,0:0:0:0:
320, 368, 5135, 5,0,0:0:0:0:
336, 368, 5135, 5,0,0:0:0:0:
384, 368, 5135, 5,0,0:0:0:0:
400, 368, 5135, 5,0,0:0:0:0:
416, 368, 5135, 5,0,0:0:0:0:
432, 368, 5135, 5,0,0:0:0:0:
448, 368, 5135, 5,0,0:0:0:0:
464, 368, 5135, 5,0,0:0:0:0:
480, 368, 5135, 5,0,0:0:0:0:
496, 368, 5135, 5,0,0:0:0:0:
512, 368, 5135, 5,0,0:0:0:0:
176, 384, 5135, 5,0,0:0:0:0:
192, 384, 5135, 5,0,0:0:0:0:
256, 384, 5135, 5,0,0:0:0:0:
272, 384, 5135, 5,0,0:0:0:0:
160, 0, 5563, 5,0,0:0:0:0:
176, 0, 5563, 5,0,0:0:0:0:
240, 0, 5563, 5,0,0:0:0:0:
256, 0, 5563, 5,0,0:0:0:0:
0, 16, 5563, 5,0,0:0:0:0:
16, 16, 5563, 5,0,0:0:0:0:
32, 16, 5563, 5,0,0:0:0:0:
48, 16, 5563, 5,0,0:0:0:0:
96, 16, 5563, 5,0,0:0:0:0:
112, 16, 5563, 5,0,0:0:0:0:
128, 16, 5563, 5,0,0:0:0:0:
192, 16, 5563, 5,0,0:0:0:0:
208, 16, 5563, 5,0,0:0:0:0:
272, 16, 5563, 5,0,0:0:0:0:
288, 16, 5563, 5,0,0:0:0:0:
304, 16, 5563, 5,0,0:0:0:0:
320, 16, 5563, 5,0,0:0:0:0:
368, 16, 5563, 5,0,0:0:0:0:
384, 16, 5563, 5,0,0:0:0:0:
400, 16, 5563, 5,0,0:0:0:0:
416, 16, 5563, 5,0,0:0:0:0:
432, 16, 5563, 5,0,0:0:0:0:
448, 16, 5563, 5,0,0:0:0:0:
464, 16, 5563, 5,0,0:0:0:0:
480, 16, 5563, 5,0,0:0:0:0:
496, 16, 5563, 5,0,0:0:0:0:
512, 16, 5563, 5,0,0:0:0:0:
80, 32, 5563, 5,0,0:0:0:0:
96, 32, 5563, 5,0,0:0:0:0:
352, 32, 5563, 5,0,0:0:0:0:
368, 32, 5563, 5,0,0:0:0:0:
0, 48, 5563, 5,0,0:0:0:0:
16, 48, 5563, 5,0,0:0:0:0:
32, 48, 5563, 5,0,0:0:0:0:
48, 48, 5563, 5,0,0:0:0:0:
96, 48, 5563, 5,0,0:0:0:0:
112, 48, 5563, 5,0,0:0:0:0:
128, 48, 5563, 5,0,0:0:0:0:
192, 48, 5563, 5,0,0:0:0:0:
208, 48, 5563, 5,0,0:0:0:0:
304, 48, 5563, 5,0,0:0:0:0:
320, 48, 5563, 5,0,0:0:0:0:
384, 48, 5563, 5,0,0:0:0:0:
400, 48, 5563, 5,0,0:0:0:0:
448, 48, 5563, 5,0,0:0:0:0:
464, 48, 5563, 5,0,0:0:0:0:
480, 48, 5563, 5,0,0:0:0:0:
496, 48, 5563, 5,0,0:0:0:0:
512, 48, 5563, 5,0,0:0:0:0:
160, 64, 5563, 5,0,0:0:0:0:
176, 64, 5563, 5,0,0:0:0:0:
240, 64, 5563, 5,0,0:0:0:0:
272, 64, 5563, 5,0,0:0:0:0:
288, 64, 5563, 5,0,0:0:0:0:
432, 64, 5563, 5,0,0:0:0:0:
448, 64, 5563, 5,0,0:0:0:0:
0, 80, 5563, 5,0,0:0:0:0:
16, 80, 5563, 5,0,0:0:0:0:
32, 80, 5563, 5,0,0:0:0:0:
48, 80, 5563, 5,0,0:0:0:0:
96, 80, 5563, 5,0,0:0:0:0:
112, 80, 5563, 5,0,0:0:0:0:
128, 80, 5563, 5,0,0:0:0:0:
176, 80, 5563, 5,0,0:0:0:0:
192, 80, 5563, 5,0,0:0:0:0:
208, 80, 5563, 5,0,0:0:0:0:
272, 80, 5563, 5,0,0:0:0:0:
288, 80, 5563, 5,0,0:0:0:0:
384, 80, 5563, 5,0,0:0:0:0:
400, 80, 5563, 5,0,0:0:0:0:
464, 80, 5563, 5,0,0:0:0:0:
480, 80, 5563, 5,0,0:0:0:0:
496, 80, 5563, 5,0,0:0:0:0:
512, 80, 5563, 5,0,0:0:0:0:
80, 96, 5563, 5,0,0:0:0:0:
96, 96, 5563, 5,0,0:0:0:0:
304, 96, 5563, 5,0,0:0:0:0:
320, 96, 5563, 5,0,0:0:0:0:
352, 96, 5563, 5,0,0:0:0:0:
368, 96, 5563, 5,0,0:0:0:0:
0, 112, 5563, 5,0,0:0:0:0:
16, 112, 5563, 5,0,0:0:0:0:
32, 112, 5563, 5,0,0:0:0:0:
48, 112, 5563, 5,0,0:0:0:0:
112, 112, 5563, 5,0,0:0:0:0:
128, 112, 5563, 5,0,0:0:0:0:
144, 112, 5563, 5,0,0:0:0:0:
160, 112, 5563, 5,0,0:0:0:0:
176, 112, 5563, 5,0,0:0:0:0:
352, 112, 5563, 5,0,0:0:0:0:
368, 112, 5563, 5,0,0:0:0:0:
464, 112, 5563, 5,0,0:0:0:0:
480, 112, 5563, 5,0,0:0:0:0:
496, 112, 5563, 5,0,0:0:0:0:
512, 112, 5563, 5,0,0:0:0:0:
128, 128, 5563, 5,0,0:0:0:0:
384, 128, 5563, 5,0,0:0:0:0:
400, 128, 5563, 5,0,0:0:0:0:
432, 128, 5563, 5,0,0:0:0:0:
448, 128, 5563, 5,0,0:0:0:0:
0, 144, 5563, 5,0,0:0:0:0:
16, 144, 5563, 5,0,0:0:0:0:
32, 144, 5563, 5,0,0:0:0:0:
48, 144, 5563, 5,0,0:0:0:0:
144, 144, 5563, 5,0,0:0:0:0:
288, 144, 5563, 5,0,0:0:0:0:
432, 144, 5563, 5,0,0:0:0:0:
448, 144, 5563, 5,0,0:0:0:0:
496, 144, 5563, 5,0,0:0:0:0:
512, 144, 5563, 5,0,0:0:0:0:
80, 160, 5563, 5,0,0:0:0:0:
112, 160, 5563, 5,0,0:0:0:0:
272, 160, 5563, 5,0,0:0:0:0:
304, 160, 5563, 5,0,0:0:0:0:
464, 160, 5563, 5,0,0:0:0:0:
480, 160, 5563, 5,0,0:0:0:0:
0, 176, 5563, 5,0,0:0:0:0:
16, 176, 5563, 5,0,0:0:0:0:
32, 176, 5563, 5,0,0:0:0:0:
48, 176, 5563, 5,0,0:0:0:0:
112, 176, 5563, 5,0,0:0:0:0:
144, 176, 5563, 5,0,0:0:0:0:
192, 176, 5563, 5,0,0:0:0:0:
208, 176, 5563, 5,0,0:0:0:0:
224, 176, 5563, 5,0,0:0:0:0:
288, 176, 5563, 5,0,0:0:0:0:
304, 176, 5563, 5,0,0:0:0:0:
320, 176, 5563, 5,0,0:0:0:0:
336, 176, 5563, 5,0,0:0:0:0:
480, 176, 5563, 5,0,0:0:0:0:
496, 176, 5563, 5,0,0:0:0:0:
512, 176, 5563, 5,0,0:0:0:0:
160, 192, 5563, 5,0,0:0:0:0:
176, 192, 5563, 5,0,0:0:0:0:
240, 192, 5563, 5,0,0:0:0:0:
304, 192, 5563, 5,0,0:0:0:0:
320, 192, 5563, 5,0,0:0:0:0:
336, 192, 5563, 5,0,0:0:0:0:
0, 208, 5563, 5,0,0:0:0:0:
16, 208, 5563, 5,0,0:0:0:0:
32, 208, 5563, 5,0,0:0:0:0:
48, 208, 5563, 5,0,0:0:0:0:
112, 208, 5563, 5,0,0:0:0:0:
144, 208, 5563, 5,0,0:0:0:0:
192, 208, 5563, 5,0,0:0:0:0:
208, 208, 5563, 5,0,0:0:0:0:
224, 208, 5563, 5,0,0:0:0:0:
288, 208, 5563, 5,0,0:0:0:0:
304, 208, 5563, 5,0,0:0:0:0:
320, 208, 5563, 5,0,0:0:0:0:
336, 208, 5563, 5,0,0:0:0:0:
480, 208, 5563, 5,0,0:0:0:0:
496, 208, 5563, 5,0,0:0:0:0:
512, 208, 5563, 5,0,0:0:0:0:
80, 224, 5563, 5,0,0:0:0:0:
112, 224, 5563, 5,0,0:0:0:0:
272, 224, 5563, 5,0,0:0:0:0:
304, 224, 5563, 5,0,0:0:0:0:
464, 224, 5563, 5,0,0:0:0:0:
480, 224, 5563, 5,0,0:0:0:0:
0, 240, 5563, 5,0,0:0:0:0:
16, 240, 5563, 5,0,0:0:0:0:
32, 240, 5563, 5,0,0:0:0:0:
48, 240, 5563, 5,0,0:0:0:0:
144, 240, 5563, 5,0,0:0:0:0:
288, 240, 5563, 5,0,0:0:0:0:
432, 240, 5563, 5,0,0:0:0:0:
448, 240, 5563, 5,0,0:0:0:0:
496, 240, 5563, 5,0,0:0:0:0:
512, 240, 5563, 5,0,0:0:0:0:
128, 256, 5563, 5,0,0:0:0:0:
384, 256, 5563, 5,0,0:0:0:0:
400, 256, 5563, 5,0,0:0:0:0:
432, 256, 5563, 5,0,0:0:0:0:
448, 256, 5563, 5,0,0:0:0:0:
0, 272, 5563, 5,0,0:0:0:0:
16, 272, 5563, 5,0,0:0:0:0:
32, 272, 5563, 5,0,0:0:0:0:
48, 272, 5563, 5,0,0:0:0:0:
112, 272, 5563, 5,0,0:0:0:0:
128, 272, 5563, 5,0,0:0:0:0:
144, 272, 5563, 5,0,0:0:0:0:
160, 272, 5563, 5,0,0:0:0:0:
176, 272, 5563, 5,0,0:0:0:0:
352, 272, 5563, 5,0,0:0:0:0:
368, 272, 5563, 5,0,0:0:0:0:
464, 272, 5563, 5,0,0:0:0:0:
480, 272, 5563, 5,0,0:0:0:0:
496, 272, 5563, 5,0,0:0:0:0:
512, 272, 5563, 5,0,0:0:0:0:
80, 288, 5563, 5,0,0:0:0:0:
96, 288, 5563, 5,0,0:0:0:0:
304, 288, 5563, 5,0,0:0:0:0:
320, 288, 5563, 5,0,0:0:0:0:
352, 288, 5563, 5,0,0:0:0:0:
368, 288, 5563, 5,0,0:0:0:0:
0, 304, 5563, 5,0,0:0:0:0:
16, 304, 5563, 5,0,0:0:0:0:
32, 304, 5563, 5,0,0:0:0:0:
48, 304, 5563, 5,0,0:0:0:0:
96, 304, 5563, 5,0,0:0:0:0:
112, 304, 5563, 5,0,0:0:0:0:
128, 304, 5563, 5,0,0:0:0:0:
176, 304, 5563, 5,0,0:0:0:0:
192, 304, 5563, 5,0,0:0:0:0:
208, 304, 5563, 5,0,0:0:0:0:
272, 304, 5563, 5,0,0:0:0:0:
288, 304, 5563, 5,0,0:0:0:0:
384, 304, 5563, 5,0,0:0:0:0:
400, 304, 5563, 5,0,0:0:0:0:
464, 304, 5563, 5,0,0:0:0:0:
480, 304, 5563, 5,0,0:0:0:0:
496, 304, 5563, 5,0,0:0:0:0:
512, 304, 5563, 5,0,0:0:0:0:
160, 320, 5563, 5,0,0:0:0:0:
176, 320, 5563, 5,0,0:0:0:0:
240, 320, 5563, 5,0,0:0:0:0:
272, 320, 5563, 5,0,0:0:0:0:
288, 320, 5563, 5,0,0:0:0:0:
432, 320, 5563, 5,0,0:0:0:0:
448, 320, 5563, 5,0,0:0:0:0:
0, 336, 5563, 5,0,0:0:0:0:
16, 336, 5563, 5,0,0:0:0:0:
32, 336, 5563, 5,0,0:0:0:0:
48, 336, 5563, 5,0,0:0:0:0:
96, 336, 5563, 5,0,0:0:0:0:
112, 336, 5563, 5,0,0:0:0:0:
128, 336, 5563, 5,0,0:0:0:0:
192, 336, 5563, 5,0,0:0:0:0:
208, 336, 5563, 5,0,0:0:0:0:
304, 336, 5563, 5,0,0:0:0:0:
320, 336, 5563, 5,0,0:0:0:0:
384, 336, 5563, 5,0,0:0:0:0:
400, 336, 5563, 5,0,0:0:0:0:
448, 336, 5563, 5,0,0:0:0:0:
464, 336, 5563, 5,0,0:0:0:0:
480, 336, 5563, 5,0,0:0:0:0:
496, 336, 5563, 5,0,0:0:0:0:
512, 336, 5563, 5,0,0:0:0:0:
80, 352, 5563, 5,0,0:0:0:0:
96, 352, 5563, 5,0,0:0:0:0:
352, 352, 5563, 5,0,0:0:0:0:
368, 352, 5563, 5,0,0:0:0:0:
0, 368, 5563, 5,0,0:0:0:0:
16, 368, 5563, 5,0,0:0:0:0:
32, 368, 5563, 5,0,0:0:0:0:
48, 368, 5563, 5,0,0:0:0:0:
96, 368, 5563, 5,0,0:0:0:0:
112, 368, 5563, 5,0,0:0:0:0:
128, 368, 5563, 5,0,0:0:0:0:
192, 368, 5563, 5,0,0:0:0:0:
208, 368, 5563, 5,0,0:0:0:0:
272, 368, 5563, 5,0,0:0:0:0:
288, 368, 5563, 5,0,0:0:0:0:
304, 368, 5563, 5,0,0:0:0:0:
320, 368, 5563, 5,0,0:0:0:0:
368, 368, 5563, 5,0,0:0:0:0:
384, 368, 5563, 5,0,0:0:0:0:
400, 368, 5563, 5,0,0:0:0:0:
416, 368, 5563, 5,0,0:0:0:0:
432, 368, 5563, 5,0,0:0:0:0:
448, 368, 5563, 5,0,0:0:0:0:
464, 368, 5563, 5,0,0:0:0:0:
480, 368, 5563, 5,0,0:0:0:0:
496, 368, 5563, 5,0,0:0:0:0:
512, 368, 5563, 5,0,0:0:0:0:
160, 384, 5563, 5,0,0:0:0:0:
176, 384, 5563, 5,0,0:0:0:0:
240, 384, 5563, 5,0,0:0:0:0:
256, 384, 5563, 5,0,0:0:0:0:
240, 192, 5992, 5,0,0:0:0:0:
256, 192, 5992, 5,0,0:0:0:0:
272, 192, 5992, 5,0,0:0:0:0:
256, 176, 6420, 5,0,0:0:0:0:
256, 192, 6420, 5,0,0:0:0:0:
256, 208, 6420, 5,0,0:0:0:0:
240, 192, 6849, 5,0,0:0:0:0:
256, 192, 6849, 5,0,0:0:0:0:
272, 192, 6849, 5,0,0:0:0:0:
256, 176, 7277, 5,0,0:0:0:0:
256, 192, 7277, 5,0,0:0:0:0:
256, 208, 7277, 5,0,0:0:0:0:
240, 192, 7706, 5,0,0:0:0:0:
256, 192, 7706, 5,0,0:0:0:0:
272, 192, 7706, 5,0,0:0:0:0:
240, 192, 10277, 5,0,0:0:0:0:
256, 192, 10277, 5,0,0:0:0:0:
272, 192, 10277, 5,0,0:0:0:0:
256, 176, 10706, 5,0,0:0:0:0:
256, 192, 10706, 5,0,0:0:0:0:
256, 208, 10706, 5,0,0:0:0:0:
240, 192, 11135, 5,0,0:0:0:0:
256, 192, 11135, 5,0,0:0:0:0:
272, 192, 11135, 5,0,0:0:0:0:
256, 176, 11563, 5,0,0:0:0:0:
256, 192, 11563, 5,0,0:0:0:0:
256, 208, 11563, 5,0,0:0:0:0:
240, 192, 11992, 5,0,0:0:0:0:
256, 192, 11992, 5,0,0:0:0:0:
272, 192, 11992, 5,0,0:0:0:0:
256, 176, 12420, 5,0,0:0:0:0:
256, 192, 12420, 5,0,0:0:0:0:
256, 208, 12420, 5,0,0:0:0:0:
240, 192, 12849, 5,0,0:0:0:0:
256, 192, 12849, 5,0,0:0:0:0:
272, 192, 12849, 5,0,0:0:0:0:
256, 176, 13277, 5,0,0:0:0:0:
256, 192, 13277, 5,0,0:0:0:0:
256, 208, 13277, 5,0,0:0:0:0:
240, 192, 13706, 5,0,0:0:0:0:
256, 192, 13706, 5,0,0:0:0:0:
272, 192, 13706, 5,0,0:0:0:0:
256, 176, 14135, 5,0,0:0:0:0:
256, 192, 14135, 5,0,0:0:0:0:
256, 208, 14135, 5,0,0:0:0:0:
